X1,X2,X3,X4,Y1,Y2,Y3,Y4,WD,WS,AEP
2.637062178510667873e+05,2.645905568479803624e+05,2.633139360959862242e+05,2.640683130749114789e+05,6.506045354373409413e+06,6.505757099843724631e+06,6.506028655621046200e+06,6.504815427394914441e+06,1.050000000000000000e+02,6.000000000000000000e+00,1.594973832615503850e+00
2.643447260766029358e+05,2.631831699101924896e+05,2.642590121178627014e+05,2.629963996647596359e+05,6.505363698260426521e+06,6.506588477112293243e+06,6.504739304225459695e+06,6.506475034631729126e+06,1.050000004470348358e+02,6.000000059604644775e+00,8.747944259058153538e-01
2.638286486892700195e+05,2.646088113515377045e+05,2.632642433850765228e+05,2.640926648824214935e+05,6.506008751620292664e+06,6.505733009077548981e+06,6.505933306612014771e+06,6.504836111295908689e+06,1.050000004470348358e+02,6.000000059604644775e+00,1.884720952299408170e+00
2.641865434019565582e+05,2.646616854159832001e+05,2.631202911331057549e+05,2.641632048575878143e+05,6.505902751739263535e+06,6.505663229228496552e+06,6.505655451412439346e+06,6.504896041710615158e+06,1.050000004470348358e+02,6.000000059604644775e+00,2.346576315866416351e+00
2.634179636596441269e+05,2.647657886056900024e+05,2.630328960521817207e+05,2.642024309663772583e+05,6.506210672916412354e+06,6.505623399956464767e+06,6.505698612691402435e+06,6.505032074047565460e+06,1.050000004470348358e+02,6.000000059604644775e+00,1.484592782070858874e+00
2.642065433709621429e+05,2.647780000000000000e+05,2.628864751465823501e+05,2.643598949639797211e+05,6.505979620172023773e+06,6.505467846579790115e+06,6.505254981483459473e+06,6.504953004085958004e+06,1.050000004470348358e+02,6.000000059604644775e+00,1.996515956138901426e+00
2.643315134494304657e+05,2.647780000000000000e+05,2.628780000000000000e+05,2.640811843960285187e+05,6.505651085387110710e+06,6.506061109836339951e+06,6.506002617610931396e+06,6.505665768380403519e+06,1.050000004470348358e+02,6.000000059604644775e+00,1.667130092069789793e+00
2.642547957508563995e+05,2.646010031847953796e+05,2.632214351027011871e+05,2.644511029629707336e+05,6.506257044799566269e+06,6.504841499335259199e+06,6.504714000000000000e+06,6.504714000000000000e+06,1.050000004470348358e+02,6.000000059604644775e+00,1.371369702610634400e+00
2.628780000000000000e+05,2.633363295747637749e+05,2.647780000000000000e+05,2.628780000000000000e+05,6.505860974927186966e+06,6.506608738119840622e+06,6.506614000000000000e+06,6.504714000000000000e+06,1.050000004470348358e+02,6.000000059604644775e+00,1.180963322402344584e+00
2.631234065516591072e+05,2.646904246835708618e+05,2.642550938217639923e+05,2.628969606049098074e+05,6.505870717610359192e+06,6.506614000000000000e+06,6.506614000000000000e+06,6.504714000000000000e+06,1.050000004470348358e+02,6.000000059604644775e+00,1.687265414676793585e+00
2.631429788647890091e+05,2.647780000000000000e+05,2.630051975979208946e+05,2.634668137668371201e+05,6.505866284711599350e+06,6.506614000000000000e+06,6.506614000000000000e+06,6.504714000000000000e+06,1.050000004470348358e+02,6.000000059604644775e+00,1.165884735771269831e+00
2.642490348963737488e+05,2.647006889908313751e+05,2.632897664426565170e+05,2.640519235043525696e+05,6.505868297029972076e+06,6.505636471532225609e+06,6.505682288552761078e+06,6.504714000000000000e+06,1.050000004470348358e+02,6.000000059604644775e+00,2.518585898558959979e+00
2.643492081253528595e+05,2.646847337036132812e+05,2.634226227163076401e+05,2.639469390122890472e+05,6.506076693554162979e+06,6.505645626114249229e+06,6.505822091622591019e+06,6.504714000000000000e+06,1.050000004470348358e+02,6.000000059604644775e+00,2.533579989844939817e+00
2.642897726504802704e+05,2.647780000000000000e+05,2.634778217225074768e+05,2.639625465123653412e+05,6.504714000000000000e+06,6.505648041711688042e+06,6.505228869928359985e+06,6.504714000000000000e+06,1.050000004470348358e+02,6.000000059604644775e+00,2.329966764551645753e+00
2.642826717226505280e+05,2.647726442365646362e+05,2.633780486016273499e+05,2.639455123035907745e+05,6.506352215035200119e+06,6.505595871885061264e+06,6.506112313367366791e+06,6.504714000000000000e+06,1.050000004470348358e+02,6.000000059604644775e+00,2.468905497499476631e+00
2.643158117263317108e+05,2.645955211489200592e+05,2.633605905025005341e+05,2.639769397585391998e+05,6.506614000000000000e+06,6.505604265151858330e+06,6.505609721480250359e+06,6.504714000000000000e+06,1.050000004470348358e+02,6.000000059604644775e+00,2.402024519895756605e+00
2.643049912540912628e+05,2.647005487887859344e+05,2.633912072091102600e+05,2.645692257909774780e+05,6.506564840950012207e+06,6.505668851239919662e+06,6.506614000000000000e+06,6.504714000000000000e+06,1.050000004470348358e+02,6.000000059604644775e+00,1.742052783017229212e+00
2.642880286185741425e+05,2.646894696562290192e+05,2.645318879930973053e+05,2.639803397147655487e+05,6.505905943317651749e+06,6.505618588353633881e+06,6.506614000000000000e+06,6.504714000000000000e+06,1.050000004470348358e+02,6.000000059604644775e+00,3.211924867370852255e+00
2.644065044431686401e+05,2.646699770419597626e+05,2.647535795896053314e+05,2.640485100715160370e+05,6.505555013634204865e+06,6.505636304886579514e+06,6.506614000000000000e+06,6.504714000000000000e+06,1.050000004470348358e+02,6.000000059604644775e+00,2.452028350788230782e+00
2.642065988628864288e+05,2.645783520607948303e+05,2.645804570167064667e+05,2.639708507089614868e+05,6.506515694923639297e+06,6.505657400141596794e+06,6.506614000000000000e+06,6.504714000000000000e+06,1.050000004470348358e+02,6.000000059604644775e+00,3.105990244224148711e+00
2.642369840888977051e+05,2.642366896419525146e+05,2.644103177576065063e+05,2.639915089933872223e+05,6.504714000000000000e+06,6.505567165629506111e+06,6.506614000000000000e+06,6.504714000000000000e+06,1.050000004470348358e+02,6.000000059604644775e+00,2.827771432826885256e+00
2.642294058172702789e+05,2.647635024516582489e+05,2.645196913211345673e+05,2.639463540821075439e+05,6.505870477975845337e+06,6.505612011654615402e+06,6.506508958770275116e+06,6.504714000000000000e+06,1.050000004470348358e+02,6.000000059604644775e+00,3.188362548498436588e+00
2.642521843461990356e+05,2.633185334562063217e+05,2.644768526880741119e+05,2.639915400235652924e+05,6.505977986557722092e+06,6.505667657937049866e+06,6.506614000000000000e+06,6.504714000000000000e+06,1.050000004470348358e+02,6.000000059604644775e+00,2.827957575843534244e+00
2.642442007570266724e+05,2.647780000000000000e+05,2.644521848289966583e+05,2.640270457952022552e+05,6.505966278780937195e+06,6.505649924190282822e+06,6.506614000000000000e+06,6.504714000000000000e+06,1.050000004470348358e+02,6.000000059604644775e+00,3.432072535133429358e+00
2.642336725800037384e+05,2.647780000000000000e+05,2.642561718373298645e+05,2.640682919232845306e+05,6.506016420151233673e+06,6.505660779316663742e+06,6.506614000000000000e+06,6.504714000000000000e+06,1.050000004470348358e+02,6.000000059604644775e+00,3.297898939318160139e+00
2.642243503897190094e+05,2.647780000000000000e+05,2.646731019167900085e+05,2.640713439791202545e+05,6.505783401407241821e+06,6.505724256302356720e+06,6.506614000000000000e+06,6.504714000000000000e+06,1.050000004470348358e+02,6.000000059604644775e+00,2.849046642042314836e+00
2.642895231633186340e+05,2.647780000000000000e+05,2.644041648356914520e+05,2.640984486131668091e+05,6.506374303199291229e+06,6.505696364702224731e+06,6.506614000000000000e+06,6.504714000000000000e+06,1.050000004470348358e+02,6.000000059604644775e+00,3.043018928349912500e+00
2.640745814232826233e+05,2.629429399835616350e+05,2.645026625483036041e+05,2.641514427213668823e+05,6.505693014575481415e+06,6.505677939571380615e+06,6.506507198090791702e+06,6.505333838905334473e+06,1.050000004470348358e+02,6.000000059604644775e+00,2.690368940256494312e+00
2.641986503808498383e+05,2.647780000000000000e+05,2.643631042091846466e+05,2.640735056726932526e+05,6.506087573029041290e+06,6.505598535384178162e+06,6.506614000000000000e+06,6.505327569507002831e+06,1.050000004470348358e+02,6.000000059604644775e+00,3.551549379458050382e+00
2.641714594511985779e+05,2.647780000000000000e+05,2.643734212903976440e+05,2.640714753477573395e+05,6.506128800244569778e+06,6.505560660673618317e+06,6.506614000000000000e+06,6.504714000000000000e+06,1.050000004470348358e+02,6.000000059604644775e+00,3.580583330444642609e+00
2.641469146935939789e+05,2.647780000000000000e+05,2.643906690864562988e+05,2.640439354984760284e+05,6.506053515823125839e+06,6.505567765848278999e+06,6.506614000000000000e+06,6.506502753300905228e+06,1.050000004470348358e+02,6.000000059604644775e+00,3.532731319509182732e+00
2.641680166869163513e+05,2.647780000000000000e+05,2.643978773741722107e+05,2.640558039753437042e+05,6.506040457554101944e+06,6.505575662632226944e+06,6.505249059079527855e+06,6.504714000000000000e+06,1.050000004470348358e+02,6.000000059604644775e+00,2.936793691948603957e+00
2.641516162185668945e+05,2.647780000000000000e+05,2.644099122135639191e+05,2.640563382833003998e+05,6.506013576812982559e+06,6.505584727011561394e+06,6.506614000000000000e+06,6.504714000000000000e+06,1.050000004470348358e+02,6.000000059604644775e+00,3.719001380439548310e+00
2.638945069580078125e+05,2.630498853436410427e+05,2.637797693072557449e+05,2.640070548861026764e+05,6.504794075455456972e+06,6.505436813004255295e+06,6.506552510984182358e+06,6.505854990859270096e+06,1.050000004470348358e+02,6.000000059604644775e+00,3.024621818927228922e+00
2.640192500858306885e+05,2.647780000000000000e+05,2.643871947257518768e+05,2.640551423757076263e+05,6.505872427327871323e+06,6.505581556667327881e+06,6.506614000000000000e+06,6.504714000000000000e+06,1.050000004470348358e+02,6.000000059604644775e+00,3.581538188573198056e+00
2.640960480778217316e+05,2.647780000000000000e+05,2.642441899983882904e+05,2.640153687088489532e+05,6.505837515546321869e+06,6.505527839408755302e+06,6.506614000000000000e+06,6.504714000000000000e+06,1.050000004470348358e+02,6.000000059604644775e+00,3.588914870437422078e+00
2.640855712025165558e+05,2.647780000000000000e+05,2.643694883852005005e+05,2.640970779626369476e+05,6.505672870553970337e+06,6.505499756474733353e+06,6.506614000000000000e+06,6.504714000000000000e+06,1.050000004470348358e+02,6.000000059604644775e+00,3.203134748099727425e+00
2.641175389676094055e+05,2.647780000000000000e+05,2.643695356099605560e+05,2.640241124241352081e+05,6.506117386801481247e+06,6.505587577824234962e+06,6.506614000000000000e+06,6.504714000000000000e+06,1.050000004470348358e+02,6.000000059604644775e+00,3.675819269859420757e+00
2.637501083641052246e+05,2.634133913515806198e+05,2.640036192564964294e+05,2.638884171156883240e+05,6.504787261549696326e+06,6.505271926338911057e+06,6.506466187973260880e+06,6.505883594907760620e+06,1.050000004470348358e+02,6.000000059604644775e+00,2.770526055637763552e+00
2.641082148520946503e+05,2.643831170885562897e+05,2.643615171401500702e+05,2.640268066136837006e+05,6.506023890156984329e+06,6.505575738678812981e+06,6.506614000000000000e+06,6.504714000000000000e+06,1.050000004470348358e+02,6.000000059604644775e+00,3.409547871488446180e+00
2.640446117072105408e+05,2.647780000000000000e+05,2.642412754266262054e+05,2.640144324808120728e+05,6.506514434124469757e+06,6.505569973407626152e+06,6.506614000000000000e+06,6.504714000000000000e+06,1.050000004470348358e+02,6.000000059604644775e+00,3.273656168849450765e+00
2.640566542475223541e+05,2.647780000000000000e+05,2.642064763276576996e+05,2.640006455688476562e+05,6.505596578897476196e+06,6.505595187126040459e+06,6.506614000000000000e+06,6.506614000000000000e+06,1.050000004470348358e+02,6.000000059604644775e+00,3.054269460212871934e+00
2.642884971289634705e+05,2.647780000000000000e+05,2.642321460990905762e+05,2.639867918400764465e+05,6.506112905998468399e+06,6.505487907476663589e+06,6.506614000000000000e+06,6.504714000000000000e+06,1.050000004470348358e+02,6.000000059604644775e+00,3.293904360182448698e+00
2.640116072623729706e+05,2.647780000000000000e+05,2.644935161201953888e+05,2.640237769811153412e+05,6.506107525546789169e+06,6.505544691456794739e+06,6.506614000000000000e+06,6.504714000000000000e+06,1.050000004470348358e+02,6.000000059604644775e+00,3.685287029199542541e+00
2.640741748600006104e+05,2.647780000000000000e+05,2.644639417557716370e+05,2.640306117742061615e+05,6.506064890535116196e+06,6.505562308387398720e+06,6.506614000000000000e+06,6.504714000000011176e+06,1.050000004470348358e+02,6.000000059604644775e+00,3.790742374301591333e+00
2.642626459329128265e+05,2.630910578599870205e+05,2.641869576661586761e+05,2.639386458008289337e+05,6.505204976974368095e+06,6.505399265639424324e+06,6.506614000000000000e+06,6.504924683117061853e+06,1.050000004470348358e+02,6.000000059604644775e+00,2.313030235008756819e+00
2.637576074748039246e+05,2.633225855841040611e+05,2.644483979015350342e+05,2.639865841417312622e+05,6.504714000000000000e+06,6.505577691031932831e+06,6.505425644008755684e+06,6.504823865834936500e+06,1.050000004470348358e+02,6.000000059604644775e+00,2.322678127517019853e+00
2.639627244262695312e+05,2.639036901919841766e+05,2.632678517474532127e+05,2.640630590348243713e+05,6.504714000000000000e+06,6.505347705657720566e+06,6.506094007374286652e+06,6.505537506724834442e+06,1.050000004470348358e+02,6.000000059604644775e+00,3.348971699287125681e+00
2.639260724632740021e+05,2.640550431697368622e+05,2.631265907971858978e+05,2.639370068638324738e+05,6.504714000000000000e+06,6.505439651755928993e+06,6.506614000000000000e+06,6.505547707669377327e+06,1.050000004470348358e+02,6.000000059604644775e+00,3.196045189947411380e+00
2.637871172307729721e+05,2.641633483438491821e+05,2.636687912909984589e+05,2.641246716051101685e+05,6.504714000000000000e+06,6.505406081066966057e+06,6.506614000000000000e+06,6.504725742339795455e+06,1.050000004470348358e+02,6.000000059604644775e+00,3.059990674943488642e+00
