X1,X2,X3,X4,Y1,Y2,Y3,Y4,WD,WS,AEP
2.637062178510667873e+05,2.645905568479803624e+05,2.633139360959862242e+05,2.640683130749114789e+05,6.506045354373409413e+06,6.505757099843724631e+06,6.506028655621046200e+06,6.504815427394914441e+06,1.084019621942885152e+02,6.000000000000000000e+00,1.594973832615503850e+00
2.632723125000000000e+05,2.629889062500000000e+05,2.644944062500000000e+05,2.632971875000000000e+05,6.505148000000000000e+06,6.504781500000000000e+06,6.504894500000000000e+06,6.506397500000000000e+06,1.000480957031250000e+02,6.000000000000000000e+00,3.494747725958982643e-01
2.637062187500000000e+05,2.645905625000000000e+05,2.633139375000000000e+05,2.640683125000000000e+05,6.506045500000000000e+06,6.505757000000000000e+06,6.506028500000000000e+06,6.504815500000000000e+06,1.002797317504882812e+02,6.000000000000000000e+00,1.702260140652065434e+00
2.637071562500000000e+05,2.646011250000000000e+05,2.633151875000000000e+05,2.640684062500000000e+05,6.506204000000000000e+06,6.505648000000000000e+06,6.505859000000000000e+06,6.504894500000000000e+06,1.007867431640625000e+02,6.000000000000000000e+00,1.796772433768498933e+00
2.637115625000000000e+05,2.646505312500000000e+05,2.633210312500000000e+05,2.640688437500000000e+05,6.506614000000000000e+06,6.505138000000000000e+06,6.505065500000000000e+06,6.505264500000000000e+06,9.624276733398437500e+01,6.000000000000000000e+00,1.824948512841418236e+00
2.642775937500000000e+05,2.647780000000000000e+05,2.639809687500000000e+05,2.641175937500000000e+05,6.506614000000000000e+06,6.504714000000000000e+06,6.504714000000000000e+06,6.506614000000000000e+06,9.485005187988281250e+01,6.000000000000000000e+00,1.670214547192967025e+00
2.628780000000000000e+05,2.647780000000000000e+05,2.628780000000000000e+05,2.639738750000000000e+05,6.506614000000000000e+06,6.504714000000000000e+06,6.504714000000000000e+06,6.506450000000000000e+06,9.208086395263671875e+01,6.000000000000000000e+00,1.158259014477419191e+00
2.628780000000000000e+05,2.630380000000000000e+05,2.628780000000000000e+05,2.640821250000000000e+05,6.506614000000000000e+06,6.504714000000000000e+06,6.504714000000000000e+06,6.504714000000000000e+06,9.396812438964843750e+01,6.000000000000000000e+00,1.153473919553262839e+00
2.628780000000000000e+05,2.647780000000000000e+05,2.628780000000000000e+05,2.640816250000000000e+05,6.506614000000000000e+06,6.504714000000000000e+06,6.504714000000000000e+06,6.504714000000000000e+06,9.060543823242187500e+01,6.000000000000000000e+00,9.950092910414748415e-01
2.638814062500000000e+05,2.628780000000000000e+05,2.630380312500000000e+05,2.640208437500000000e+05,6.506614000000000000e+06,6.504714000000000000e+06,6.504714000000000000e+06,6.506535500000000000e+06,9.000000000000000000e+01,6.000000000000000000e+00,1.645508166758763657e+00
2.639261562500000000e+05,2.628780000000000000e+05,2.647780000000000000e+05,2.640056562500000000e+05,6.506614000000000000e+06,6.506614000000000000e+06,6.506614000000000000e+06,6.504714000000000000e+06,9.441011047363281250e+01,6.000000000000000000e+00,2.129917017554244563e+00
2.641626250000000000e+05,2.630380000000000000e+05,2.628780000000000000e+05,2.639305625000000000e+05,6.506614000000000000e+06,6.506614000000000000e+06,6.506614000000000000e+06,6.504714000000000000e+06,9.504692077636718750e+01,6.000000000000000000e+00,1.620923187423381151e+00
2.637049687500000000e+05,2.628780000000000000e+05,2.647780000000000000e+05,2.640357812500000000e+05,6.506614000000000000e+06,6.506614000000000000e+06,6.506614000000000000e+06,6.506614000000000000e+06,9.082684326171875000e+01,6.000000000000000000e+00,9.851151252260330615e-01
2.638730312500000000e+05,2.643417187500000000e+05,2.633201875000000000e+05,2.641817187500000000e+05,6.506614000000000000e+06,6.504714000000000000e+06,6.504714000000000000e+06,6.504714000000000000e+06,9.305325317382812500e+01,6.000000000000000000e+00,1.278439664119564112e+00
2.639793750000000000e+05,2.628780000000000000e+05,2.647780000000000000e+05,2.640310625000000000e+05,6.506614000000000000e+06,6.505952000000000000e+06,6.505980000000000000e+06,6.504853500000000000e+06,9.000000000000000000e+01,6.000000000000000000e+00,2.260692124114350054e+00
2.641270937500000000e+05,2.628780000000000000e+05,2.647780000000000000e+05,2.640447812500000000e+05,6.506614000000000000e+06,6.506363500000000000e+06,6.504714000000000000e+06,6.504804000000000000e+06,9.000000000000000000e+01,6.000000000000000000e+00,1.904157444016265854e+00
2.640459687500000000e+05,2.628780000000000000e+05,2.647780000000000000e+05,2.640566875000000000e+05,6.506379000000000000e+06,6.506614000000000000e+06,6.506614000000000000e+06,6.505046500000000000e+06,9.000000000000000000e+01,6.000000000000000000e+00,2.151510956539816277e+00
2.641906250000000000e+05,2.628780000000000000e+05,2.647780000000000000e+05,2.640398125000000000e+05,6.506614000000000000e+06,6.504714000000000000e+06,6.506090000000000000e+06,6.505018000000000000e+06,9.196611022949218750e+01,6.000000000000000000e+00,1.927821446222071744e+00
2.639548750000000000e+05,2.633550625000000000e+05,2.635096562500000000e+05,2.640272187500000000e+05,6.506614000000000000e+06,6.504714000000000000e+06,6.506040000000000000e+06,6.505186000000000000e+06,9.160874938964843750e+01,6.000000000000000000e+00,1.948417381660181302e+00
2.638662500000000000e+05,2.628780000000000000e+05,2.647780000000000000e+05,2.640498750000000000e+05,6.506614000000000000e+06,6.506202500000000000e+06,6.506221500000000000e+06,6.504956000000000000e+06,9.000000000000000000e+01,6.000000000000000000e+00,2.195571962359358587e+00
2.641040625000000000e+05,2.642669375000000000e+05,2.647780000000000000e+05,2.640390937500000000e+05,6.506614000000000000e+06,6.506251000000000000e+06,6.506288000000000000e+06,6.504835500000000000e+06,9.000000000000000000e+01,6.000000000000000000e+00,2.435015145529139780e+00
2.642521875000000000e+05,2.647780000000000000e+05,2.647780000000000000e+05,2.640510625000000000e+05,6.506614000000000000e+06,6.506312500000000000e+06,6.506490500000000000e+06,6.504714000000000000e+06,9.000000000000000000e+01,6.000000000000000000e+00,2.320299189589320576e+00
2.641173750000000000e+05,2.647780000000000000e+05,2.647780000000000000e+05,2.640302500000000000e+05,6.506614000000000000e+06,6.506367000000000000e+06,6.506061500000000000e+06,6.505032000000000000e+06,9.417687225341796875e+01,6.000000000000000000e+00,2.330624699622098728e+00
2.647372812500000000e+05,2.645080937500000000e+05,2.643275312500000000e+05,2.640199062500000000e+05,6.506347000000000000e+06,6.505569000000000000e+06,6.505024500000000000e+06,6.505683000000000000e+06,9.484133148193359375e+01,6.000000000000000000e+00,1.963184753126547832e+00
2.642813437500000000e+05,2.639317812500000000e+05,2.636483750000000000e+05,2.640405000000000000e+05,6.506614000000000000e+06,6.506121000000000000e+06,6.506208000000000000e+06,6.504955500000000000e+06,9.456152343750000000e+01,6.000000000000000000e+00,2.442629318453183096e+00
2.643116562500000000e+05,2.639463437500000000e+05,2.647780000000000000e+05,2.640322812500000000e+05,6.506614000000000000e+06,6.506113000000000000e+06,6.506274000000000000e+06,6.504942000000000000e+06,9.270719146728515625e+01,6.000000000000000000e+00,2.910927502926068833e+00
2.646028437500000000e+05,2.635197187500000000e+05,2.647780000000000000e+05,2.640123750000000000e+05,6.506614000000000000e+06,6.505908000000000000e+06,6.506614000000000000e+06,6.505032000000000000e+06,9.000000000000000000e+01,6.000000000000000000e+00,1.603853475322378319e+00
2.643349375000000000e+05,2.631099062500000000e+05,2.636249062500000000e+05,2.640455937500000000e+05,6.505633000000000000e+06,6.506255000000000000e+06,6.505630000000000000e+06,6.505364000000000000e+06,9.252445220947265625e+01,6.000000000000000000e+00,1.430463690683106970e+00
2.642852500000000000e+05,2.643818437500000000e+05,2.628870625000000000e+05,2.640878750000000000e+05,6.506598500000000000e+06,6.505322000000000000e+06,6.506037000000000000e+06,6.505663000000000000e+06,9.295713806152343750e+01,6.000000000000000000e+00,1.719582351597323644e+00
2.640641875000000000e+05,2.630442500000000000e+05,2.628854375000000000e+05,2.638402187500000000e+05,6.506200500000000000e+06,6.504977500000000000e+06,6.505137000000000000e+06,6.504964000000000000e+06,9.562904357910156250e+01,6.000000000000000000e+00,2.111198202824522419e+00
2.644299375000000000e+05,2.634011562500000000e+05,2.643811562500000000e+05,2.640779375000000000e+05,6.506614000000000000e+06,6.506544500000000000e+06,6.505788500000000000e+06,6.504714000000000000e+06,9.853353118896484375e+01,6.000000000000000000e+00,2.337778252048953398e+00
2.640488750000000000e+05,2.636853437500000000e+05,2.641201875000000000e+05,2.637755625000000000e+05,6.506367000000000000e+06,6.506587500000000000e+06,6.504744000000000000e+06,6.505403000000000000e+06,9.425574493408203125e+01,6.000000000000000000e+00,3.297654828364932733e+00
2.642430937500000000e+05,2.640853437500000000e+05,2.647780000000000000e+05,2.637536562500000000e+05,6.506587000000000000e+06,6.506614000000000000e+06,6.504749000000000000e+06,6.505425000000000000e+06,9.585290527343750000e+01,6.000000000000000000e+00,1.309076562252910580e+00
2.640175937500000000e+05,2.637473437500000000e+05,2.644898437500000000e+05,2.638210937500000000e+05,6.506342000000000000e+06,6.506614000000000000e+06,6.504889500000000000e+06,6.505341500000000000e+06,9.138589477539062500e+01,6.000000000000000000e+00,2.627905328221511017e+00
2.641025937500000000e+05,2.634628750000000000e+05,2.633791875000000000e+05,2.637183750000000000e+05,6.506353000000000000e+06,6.506348000000000000e+06,6.504714000000000000e+06,6.505464500000000000e+06,9.323614501953125000e+01,6.000000000000000000e+00,1.368592290918370979e+00
2.640195000000000000e+05,2.638545000000000000e+05,2.641624375000000000e+05,2.638001562500000000e+05,6.506497000000000000e+06,6.506545000000000000e+06,6.504976000000000000e+06,6.505300500000000000e+06,9.266965484619140625e+01,6.000000000000000000e+00,2.335807301761609001e+00
2.640804687500000000e+05,2.635634375000000000e+05,2.641234375000000000e+05,2.638215625000000000e+05,6.506332500000000000e+06,6.506550500000000000e+06,6.504875500000000000e+06,6.505373500000000000e+06,9.234960937500000000e+01,6.000000000000000000e+00,2.926521630324284917e+00
2.640033750000000000e+05,2.636863125000000000e+05,2.641738125000000000e+05,2.637519375000000000e+05,6.506383000000000000e+06,6.506614000000000000e+06,6.504754000000000000e+06,6.505456000000000000e+06,9.396020507812500000e+01,6.000000000000000000e+00,2.881768047460822491e+00
2.640472812500000000e+05,2.640201562500000000e+05,2.641321562500000000e+05,2.628780000000000000e+05,6.506371500000000000e+06,6.506614000000000000e+06,6.504714000000000000e+06,6.505292000000000000e+06,9.585987091064453125e+01,6.000000000000000000e+00,2.607482301118010160e+00
2.640034375000000000e+05,2.644118437500000000e+05,2.641216562500000000e+05,2.643876875000000000e+05,6.506363500000000000e+06,6.506614000000000000e+06,6.504714000000000000e+06,6.505310000000000000e+06,9.349316406250000000e+01,6.000000000000000000e+00,2.616514539491814340e+00
2.640470625000000000e+05,2.636730000000000000e+05,2.641860937500000000e+05,2.628841250000000000e+05,6.506335000000000000e+06,6.505844500000000000e+06,6.504714000000000000e+06,6.505413000000000000e+06,9.000000000000000000e+01,6.000000000000000000e+00,2.208180659356146602e+00
2.641763125000000000e+05,2.631150625000000000e+05,2.641801562500000000e+05,2.637435000000000000e+05,6.506382000000000000e+06,6.506614000000000000e+06,6.504714000000000000e+06,6.505379500000000000e+06,9.271294403076171875e+01,6.000000000000000000e+00,1.956906722182156333e+00
2.640462500000000000e+05,2.628780000000000000e+05,2.641797812500000000e+05,2.637870625000000000e+05,6.506315000000000000e+06,6.506614000000000000e+06,6.504714000000000000e+06,6.506614000000000000e+06,9.587436676025390625e+01,6.000000000000000000e+00,2.746890625387771401e+00
2.640568125000000000e+05,2.638343437500000000e+05,2.641930000000000000e+05,2.638350312500000000e+05,6.506385000000000000e+06,6.506614000000000000e+06,6.504885500000000000e+06,6.504826000000000000e+06,9.227078247070312500e+01,6.000000000000000000e+00,3.024484559931146954e+00
2.640540937500000000e+05,2.647780000000000000e+05,2.640903750000000000e+05,2.637680000000000000e+05,6.506381500000000000e+06,6.506614000000000000e+06,6.504714000000000000e+06,6.506614000000000000e+06,9.305084991455078125e+01,6.000000000000000000e+00,3.226041937202312582e+00
2.640480937500000000e+05,2.647780000000000000e+05,2.640355625000000000e+05,2.637290937500000000e+05,6.506368000000000000e+06,6.506614000000000000e+06,6.504714000000000000e+06,6.504714000000000000e+06,9.145759582519531250e+01,6.000000000000000000e+00,2.527395497110874967e+00
2.640556250000000000e+05,2.634895000000000000e+05,2.641861875000000000e+05,2.638617500000000000e+05,6.506384000000000000e+06,6.506614000000000000e+06,6.504829000000000000e+06,6.505937000000000000e+06,9.000000000000000000e+01,6.000000000000000000e+00,2.633750600009647780e+00
2.643175000000000000e+05,2.628993437500000000e+05,2.643403125000000000e+05,2.640795000000000000e+05,6.506588000000000000e+06,6.505882500000000000e+06,6.506251000000000000e+06,6.505949500000000000e+06,9.000000000000000000e+01,6.000000000000000000e+00,2.318798773943947289e+00
2.640338750000000000e+05,2.643615312500000000e+05,2.641526562500000000e+05,2.637723437500000000e+05,6.506246000000000000e+06,6.506614000000000000e+06,6.505209500000000000e+06,6.506356000000000000e+06,9.000000000000000000e+01,6.000000000000000000e+00,3.009747955571797640e+00
2.640430625000000000e+05,2.647780000000000000e+05,2.642151250000000000e+05,2.639173750000000000e+05,6.506118000000000000e+06,6.506614000000000000e+06,6.504818500000000000e+06,6.505958000000000000e+06,9.476852416992187500e+01,6.000000000000000000e+00,2.960660878552078934e+00
2.640663437500000000e+05,2.644837187500000000e+05,2.642204687500000000e+05,2.646425312500000000e+05,6.506132000000000000e+06,6.506514500000000000e+06,6.505393000000000000e+06,6.506495000000000000e+06,9.192282104492187500e+01,6.000000000000000000e+00,2.058302188550360956e+00
2.640074375000000000e+05,2.647780000000000000e+05,2.641543437500000000e+05,2.634390000000000000e+05,6.506139000000000000e+06,6.506614000000000000e+06,6.504803000000000000e+06,6.506614000000000000e+06,9.048689270019531250e+01,6.000000000000000000e+00,2.674732069974783855e+00
2.643714062500000000e+05,2.637485000000000000e+05,2.647780000000000000e+05,2.642931562500000000e+05,6.506341500000000000e+06,6.506162500000000000e+06,6.506171000000000000e+06,6.505723000000000000e+06,9.000000000000000000e+01,6.000000000000000000e+00,1.515866773207408702e+00
2.640489687500000000e+05,2.636783437500000000e+05,2.642515937500000000e+05,2.633815000000000000e+05,6.506248500000000000e+06,6.506614000000000000e+06,6.505251000000000000e+06,6.504766500000000000e+06,9.116790008544921875e+01,6.000000000000000000e+00,2.464714827532930475e+00
2.640362500000000000e+05,2.647780000000000000e+05,2.642058437500000000e+05,2.638873125000000000e+05,6.506271000000000000e+06,6.506243500000000000e+06,6.504734500000000000e+06,6.506614000000000000e+06,9.000000000000000000e+01,6.000000000000000000e+00,2.737215556550475881e+00
2.641468437500000000e+05,2.640144687500000000e+05,2.637689062500000000e+05,2.629213437500000000e+05,6.506572500000000000e+06,6.505839000000000000e+06,6.506313500000000000e+06,6.505728500000000000e+06,9.242351531982421875e+01,6.000000000000000000e+00,2.553210316943948843e+00
2.641915937500000000e+05,2.631739375000000000e+05,2.642210937500000000e+05,2.630631562500000000e+05,6.506614000000000000e+06,6.506513000000000000e+06,6.506273500000000000e+06,6.505704000000000000e+06,9.326602172851562500e+01,6.000000000000000000e+00,1.439167546241836071e+00
2.640346875000000000e+05,2.641473125000000000e+05,2.640205937500000000e+05,2.639366875000000000e+05,6.506203000000000000e+06,6.506614000000000000e+06,6.504820500000000000e+06,6.505114000000000000e+06,9.246705627441406250e+01,6.000000000000000000e+00,4.003445007927815880e+00
2.639179687500000000e+05,2.632239687500000000e+05,2.638340625000000000e+05,2.635169687500000000e+05,6.506044000000000000e+06,6.506472500000000000e+06,6.505092500000000000e+06,6.505592500000000000e+06,9.455958557128906250e+01,6.000000000000000000e+00,1.500894110753753896e+00
2.640591562500000000e+05,2.642324062500000000e+05,2.638074375000000000e+05,2.634726250000000000e+05,6.506332500000000000e+06,6.505695000000000000e+06,6.505159500000000000e+06,6.506036500000000000e+06,9.928003692626953125e+01,6.000000000000000000e+00,2.679338049517210774e+00
2.640564375000000000e+05,2.633340625000000000e+05,2.640220000000000000e+05,2.641566250000000000e+05,6.505937500000000000e+06,6.504917500000000000e+06,6.505009000000000000e+06,6.506069000000000000e+06,1.023804321289062500e+02,6.000000000000000000e+00,3.521329490161567932e+00
2.640598750000000000e+05,2.632190312500000000e+05,2.639358750000000000e+05,2.638842500000000000e+05,6.506005000000000000e+06,6.504857500000000000e+06,6.506106000000000000e+06,6.506516500000000000e+06,1.016869812011718750e+02,6.000000000000000000e+00,3.054360653526852154e+00
2.640416875000000000e+05,2.629840312500000000e+05,2.639951562500000000e+05,2.639791250000000000e+05,6.506063000000000000e+06,6.506614000000000000e+06,6.504714000000000000e+06,6.505216000000000000e+06,1.062642669677734375e+02,6.000000000000000000e+00,3.418617186364639959e+00
2.640626562500000000e+05,2.630269687500000000e+05,2.639287812500000000e+05,2.647389062500000000e+05,6.505702500000000000e+06,6.505454000000000000e+06,6.506214000000000000e+06,6.505943500000000000e+06,1.017418518066406250e+02,6.000000000000000000e+00,2.352994270488117046e+00
2.640462500000000000e+05,2.642142500000000000e+05,2.639377187500000000e+05,2.641800625000000000e+05,6.506167500000000000e+06,6.506279500000000000e+06,6.504964500000000000e+06,6.506436000000000000e+06,1.040696640014648438e+02,6.000000000000000000e+00,4.115018244561746918e+00
2.640470000000000000e+05,2.647780000000000000e+05,2.639625000000000000e+05,2.641184375000000000e+05,6.506153500000000000e+06,6.504714000000000000e+06,6.504899500000000000e+06,6.506614000000000000e+06,1.058263320922851562e+02,6.000000000000000000e+00,3.211291230130826957e+00
2.640485937500000000e+05,2.638941875000000000e+05,2.638997500000000000e+05,2.642796250000000000e+05,6.505704500000000000e+06,6.505293000000000000e+06,6.505133000000000000e+06,6.505930500000000000e+06,1.060963821411132812e+02,6.000000000000000000e+00,4.122632981964803101e+00
2.640439687500000000e+05,2.642420625000000000e+05,2.639129062500000000e+05,2.641489375000000000e+05,6.505708000000000000e+06,6.506614000000000000e+06,6.505071000000000000e+06,6.506293500000000000e+06,1.067662582397460938e+02,6.000000000000000000e+00,3.986250709813724313e+00
2.640425312500000000e+05,2.639281562500000000e+05,2.639510000000000000e+05,2.640963125000000000e+05,6.505924000000000000e+06,6.506502500000000000e+06,6.504870500000000000e+06,6.506223500000000000e+06,1.089957122802734375e+02,6.000000000000000000e+00,4.263235708132213198e+00
2.640412500000000000e+05,2.639255625000000000e+05,2.639575000000000000e+05,2.640790625000000000e+05,6.505933000000000000e+06,6.506614000000000000e+06,6.504811500000000000e+06,6.506088500000000000e+06,1.108217468261718750e+02,6.000000000000000000e+00,4.197822821436901108e+00
2.640392812500000000e+05,2.639189687500000000e+05,2.639475312500000000e+05,2.641107187500000000e+05,6.505954000000000000e+06,6.506482000000000000e+06,6.505016000000000000e+06,6.506097000000000000e+06,1.137748718261718750e+02,6.000000000000000000e+00,4.388895135751353926e+00
2.640409375000000000e+05,2.639331562500000000e+05,2.639449687500000000e+05,2.641424687500000000e+05,6.505967500000000000e+06,6.506542500000000000e+06,6.505123000000000000e+06,6.505318500000000000e+06,1.099033279418945312e+02,6.000000000000000000e+00,3.978611533218305851e+00
2.640323125000000000e+05,2.638854375000000000e+05,2.639450000000000000e+05,2.640565625000000000e+05,6.505917500000000000e+06,6.505513000000000000e+06,6.504771500000000000e+06,6.506614000000000000e+06,1.068949508666992188e+02,6.000000000000000000e+00,3.847106362212752373e+00
2.640163750000000000e+05,2.634167187500000000e+05,2.639875625000000000e+05,2.640805312500000000e+05,6.505940000000000000e+06,6.505176000000000000e+06,6.505683000000000000e+06,6.505004500000000000e+06,1.091081466674804688e+02,6.000000000000000000e+00,3.440320002307663216e+00
2.640435000000000000e+05,2.646700625000000000e+05,2.639338437500000000e+05,2.640190312500000000e+05,6.505837500000000000e+06,6.506415500000000000e+06,6.506016000000000000e+06,6.506418000000000000e+06,1.080468139648437500e+02,6.000000000000000000e+00,3.486801418710201883e+00
2.640242187500000000e+05,2.640296250000000000e+05,2.639034062500000000e+05,2.644729062500000000e+05,6.505814000000000000e+06,6.505403000000000000e+06,6.505047000000000000e+06,6.506306000000000000e+06,1.064386749267578125e+02,6.000000000000000000e+00,4.073877967127661037e+00
2.640206250000000000e+05,2.634238750000000000e+05,2.638520000000000000e+05,2.640133125000000000e+05,6.505489500000000000e+06,6.505167500000000000e+06,6.505697000000000000e+06,6.506480000000000000e+06,1.029731292724609375e+02,6.000000000000000000e+00,2.959367054462791025e+00
2.640225312500000000e+05,2.644363125000000000e+05,2.638028750000000000e+05,2.646672187500000000e+05,6.505254500000000000e+06,6.505114500000000000e+06,6.505346500000000000e+06,6.505676000000000000e+06,9.897886657714843750e+01,6.000000000000000000e+00,2.117090386245101818e+00
2.640313125000000000e+05,2.635174375000000000e+05,2.640031875000000000e+05,2.633677187500000000e+05,6.505470500000000000e+06,6.505081500000000000e+06,6.505313000000000000e+06,6.504879500000000000e+06,9.805133819580078125e+01,6.000000000000000000e+00,2.342773235152988409e+00
2.639703437500000000e+05,2.644797187500000000e+05,2.639132812500000000e+05,2.642260625000000000e+05,6.506195500000000000e+06,6.504830000000000000e+06,6.505801500000000000e+06,6.505881000000000000e+06,9.888049316406250000e+01,6.000000000000000000e+00,3.100420341138074409e+00
2.640378437500000000e+05,2.640097812500000000e+05,2.639093750000000000e+05,2.642583750000000000e+05,6.505951000000000000e+06,6.506476000000000000e+06,6.505150000000000000e+06,6.506228500000000000e+06,1.012876968383789062e+02,6.000000000000000000e+00,3.745498952770763168e+00
2.641570000000000000e+05,2.645447812500000000e+05,2.638568437500000000e+05,2.631195000000000000e+05,6.505716000000000000e+06,6.505687500000000000e+06,6.504817000000000000e+06,6.505999000000000000e+06,1.049913101196289062e+02,6.000000000000000000e+00,2.419148635417577964e+00
2.640477500000000000e+05,2.641219375000000000e+05,2.639807187500000000e+05,2.641928125000000000e+05,6.505854500000000000e+06,6.506458500000000000e+06,6.504714000000000000e+06,6.505040000000000000e+06,1.096565704345703125e+02,6.000000000000000000e+00,3.871430630071460932e+00
2.640963437500000000e+05,2.629750937500000000e+05,2.638887187500000000e+05,2.637039062500000000e+05,6.505986000000000000e+06,6.505421500000000000e+06,6.505114500000000000e+06,6.506431500000000000e+06,1.092122192382812500e+02,6.000000000000000000e+00,2.944329682716722019e+00
2.641209687500000000e+05,2.632382500000000000e+05,2.639220937500000000e+05,2.642961875000000000e+05,6.505624000000000000e+06,6.505851500000000000e+06,6.505292000000000000e+06,6.505961500000000000e+06,1.082164459228515625e+02,6.000000000000000000e+00,3.110476511374433706e+00
2.640740937500000000e+05,2.644177187500000000e+05,2.639978437500000000e+05,2.637478750000000000e+05,6.505729000000000000e+06,6.506084000000000000e+06,6.505159000000000000e+06,6.506010500000000000e+06,1.062058410644531250e+02,6.000000000000000000e+00,3.259000515837006784e+00
2.640627187500000000e+05,2.637802500000000000e+05,2.638806250000000000e+05,2.644544375000000000e+05,6.506265000000000000e+06,6.505662000000000000e+06,6.505501000000000000e+06,6.505372000000000000e+06,1.094894409179687500e+02,6.000000000000000000e+00,2.734632234686073193e+00
2.640216875000000000e+05,2.640230937500000000e+05,2.639935000000000000e+05,2.641830937500000000e+05,6.505900000000000000e+06,6.506614000000000000e+06,6.504922000000000000e+06,6.506614000000000000e+06,1.135878601074218750e+02,6.000000000000000000e+00,3.915085856233162520e+00
2.640293437500000000e+05,2.634344687500000000e+05,2.638757187500000000e+05,2.640411562500000000e+05,6.505820500000000000e+06,6.505324000000000000e+06,6.505547000000000000e+06,6.504845500000000000e+06,1.162492218017578125e+02,6.000000000000000000e+00,3.641817375970290982e+00
2.640684062500000000e+05,2.633237500000000000e+05,2.637464062500000000e+05,2.643393750000000000e+05,6.505599500000000000e+06,6.505175000000000000e+06,6.505304000000000000e+06,6.505529500000000000e+06,1.119323730468750000e+02,6.000000000000000000e+00,2.323979254465544653e+00
2.639232187500000000e+05,2.643189062500000000e+05,2.640277187500000000e+05,2.640737500000000000e+05,6.505786500000000000e+06,6.506442500000000000e+06,6.505907500000000000e+06,6.506600000000000000e+06,1.129926376342773438e+02,6.000000000000000000e+00,3.525946904550239402e+00
2.639720625000000000e+05,2.633101250000000000e+05,2.639622187500000000e+05,2.644190000000000000e+05,6.506004500000000000e+06,6.506525000000000000e+06,6.505261500000000000e+06,6.505827000000000000e+06,1.173847961425781250e+02,6.000000000000000000e+00,2.621345943923129695e+00
2.641350312500000000e+05,2.640422500000000000e+05,2.641010625000000000e+05,2.643379687500000000e+05,6.505487000000000000e+06,6.505056500000000000e+06,6.506028500000000000e+06,6.506222500000000000e+06,1.134062271118164062e+02,6.000000000000000000e+00,4.006074935562658368e+00
2.640639687500000000e+05,2.641268125000000000e+05,2.640013437500000000e+05,2.642478125000000000e+05,6.505699500000000000e+06,6.505192000000000000e+06,6.505517500000000000e+06,6.506614000000000000e+06,1.181816177368164062e+02,6.000000000000000000e+00,4.717313698952303902e+00
2.640546875000000000e+05,2.642655312500000000e+05,2.640157812500000000e+05,2.642870937500000000e+05,6.505677500000000000e+06,6.505150500000000000e+06,6.505518500000000000e+06,6.506614000000000000e+06,1.167485046386718750e+02,6.000000000000000000e+00,4.138228753218523792e+00
2.641728125000000000e+05,2.634758750000000000e+05,2.641484062500000000e+05,2.639044062500000000e+05,6.505426000000000000e+06,6.505326500000000000e+06,6.505223500000000000e+06,6.505850500000000000e+06,1.182903747558593750e+02,6.000000000000000000e+00,3.098241996982049606e+00
2.639645000000000000e+05,2.633765625000000000e+05,2.642248750000000000e+05,2.643132812500000000e+05,6.505095500000000000e+06,6.505266000000000000e+06,6.505071500000000000e+06,6.505888000000000000e+06,1.145182342529296875e+02,6.000000000000000000e+00,2.941619721495413398e+00
2.639848437500000000e+05,2.634351875000000000e+05,2.641003437500000000e+05,2.640495312500000000e+05,6.505565000000000000e+06,6.504978000000000000e+06,6.506485000000000000e+06,6.506257500000000000e+06,1.191317596435546875e+02,6.000000000000000000e+00,3.859377733999307836e+00
2.641963437500000000e+05,2.638877187500000000e+05,2.639785000000000000e+05,2.640473125000000000e+05,6.505888000000000000e+06,6.505201000000000000e+06,6.504899000000000000e+06,6.505189500000000000e+06,1.206435699462890625e+02,6.000000000000000000e+00,4.852158647527896385e+00
2.641585937500000000e+05,2.639744062500000000e+05,2.639797500000000000e+05,2.641065625000000000e+05,6.505851000000000000e+06,6.505494000000000000e+06,6.505334500000000000e+06,6.506309000000000000e+06,1.250103530883789062e+02,6.000000000000000000e+00,4.752833480281613454e+00
2.641431562500000000e+05,2.639625312500000000e+05,2.639790937500000000e+05,2.641192187500000000e+05,6.505813500000000000e+06,6.504714000000000000e+06,6.505351500000000000e+06,6.505971500000000000e+06,1.290986175537109375e+02,6.000000000000000000e+00,4.036964179103794237e+00
2.641808125000000000e+05,2.639797812500000000e+05,2.639960000000000000e+05,2.640340937500000000e+05,6.505953500000000000e+06,6.506059500000000000e+06,6.504876500000000000e+06,6.506210500000000000e+06,1.284687042236328125e+02,6.000000000000000000e+00,3.084978064663960406e+00
2.642111562500000000e+05,2.633268437500000000e+05,2.639827187500000000e+05,2.641481562500000000e+05,6.505657500000000000e+06,6.505817000000000000e+06,6.506287500000000000e+06,6.505319500000000000e+06,1.328013153076171875e+02,6.000000000000000000e+00,2.653544926434320494e+00
2.642233750000000000e+05,2.642004062500000000e+05,2.640967812500000000e+05,2.643410312500000000e+05,6.505713500000000000e+06,6.504895000000000000e+06,6.504773000000000000e+06,6.506032500000000000e+06,1.348634796142578125e+02,6.000000000000000000e+00,2.433385706010163574e+00
2.640883437500000000e+05,2.641131250000000000e+05,2.640870937500000000e+05,2.639198437500000000e+05,6.505522500000000000e+06,6.505785000000000000e+06,6.506062500000000000e+06,6.506296500000000000e+06,1.325348510742187500e+02,6.000000000000000000e+00,3.234242442451158883e+00
2.639948437500000000e+05,2.637840937500000000e+05,2.639431562500000000e+05,2.642071250000000000e+05,6.505577500000000000e+06,6.505060500000000000e+06,6.506205000000000000e+06,6.505606500000000000e+06,1.293325195312500000e+02,6.000000000000000000e+00,3.153156609251224651e+00
2.643485625000000000e+05,2.643137500000000000e+05,2.637990625000000000e+05,2.638300625000000000e+05,6.505534500000000000e+06,6.504796000000000000e+06,6.506052000000000000e+06,6.505455500000000000e+06,1.308880462646484375e+02,6.000000000000000000e+00,2.039827359574521992e+00
2.640087812500000000e+05,2.629917500000000000e+05,2.642092812500000000e+05,2.646661250000000000e+05,6.505389000000000000e+06,6.505778000000000000e+06,6.506595500000000000e+06,6.505681000000000000e+06,1.341083221435546875e+02,6.000000000000000000e+00,2.905379481502645689e+00
2.639555312500000000e+05,2.635010625000000000e+05,2.642466562500000000e+05,2.644850625000000000e+05,6.505550000000000000e+06,6.504756500000000000e+06,6.505031500000000000e+06,6.506181000000000000e+06,1.350000000000000000e+02,6.000000000000000000e+00,2.899965338927477543e+00
2.640056562500000000e+05,2.639577187500000000e+05,2.642313750000000000e+05,2.641807500000000000e+05,6.505885000000000000e+06,6.505705000000000000e+06,6.505853000000000000e+06,6.506187000000000000e+06,1.350000000000000000e+02,6.000000000000000000e+00,3.076284282322968355e+00
2.640798125000000000e+05,2.638624375000000000e+05,2.639781562500000000e+05,2.635039062500000000e+05,6.505928500000000000e+06,6.505506500000000000e+06,6.504967000000000000e+06,6.504749000000000000e+06,1.316277313232421875e+02,6.000000000000000000e+00,3.653703842367671761e+00
2.640286250000000000e+05,2.639659062500000000e+05,2.640040937500000000e+05,2.639407500000000000e+05,6.506064000000000000e+06,6.505201000000000000e+06,6.506533500000000000e+06,6.505778000000000000e+06,1.294441833496093750e+02,6.000000000000000000e+00,3.471056587504404600e+00
2.639701875000000000e+05,2.640928750000000000e+05,2.640639375000000000e+05,2.635500625000000000e+05,6.505944000000000000e+06,6.505463000000000000e+06,6.505036000000000000e+06,6.506325500000000000e+06,1.303262786865234375e+02,6.000000000000000000e+00,2.869874418688723061e+00
2.641259687500000000e+05,2.637964375000000000e+05,2.640205937500000000e+05,2.637420625000000000e+05,6.505720000000000000e+06,6.506180000000000000e+06,6.506517000000000000e+06,6.505370000000000000e+06,1.264437713623046875e+02,6.000000000000000000e+00,3.099053149579906297e+00
2.642991875000000000e+05,2.637423437500000000e+05,2.639860937500000000e+05,2.639885000000000000e+05,6.506208000000000000e+06,6.505671000000000000e+06,6.506146500000000000e+06,6.505709000000000000e+06,1.241389923095703125e+02,6.000000000000000000e+00,3.258675752049863483e+00
2.641313125000000000e+05,2.639572812500000000e+05,2.639884687500000000e+05,2.640705312500000000e+05,6.505851000000000000e+06,6.504880000000000000e+06,6.505396000000000000e+06,6.505703000000000000e+06,1.191588363647460938e+02,6.000000000000000000e+00,5.359209848052544523e+00
2.640617187500000000e+05,2.638372812500000000e+05,2.641055000000000000e+05,2.640528437500000000e+05,6.505878500000000000e+06,6.505580000000000000e+06,6.505209000000000000e+06,6.506248500000000000e+06,1.231244735717773438e+02,6.000000000000000000e+00,3.936896293667343727e+00
2.639742500000000000e+05,2.638159687500000000e+05,2.642939062500000000e+05,2.637748125000000000e+05,6.505337500000000000e+06,6.506066000000000000e+06,6.506509500000000000e+06,6.505577000000000000e+06,1.274277496337890625e+02,6.000000000000000000e+00,3.182073272436348077e+00
2.641113750000000000e+05,2.646315000000000000e+05,2.638936875000000000e+05,2.637624687500000000e+05,6.506221000000000000e+06,6.504873500000000000e+06,6.505637000000000000e+06,6.505545500000000000e+06,1.258300857543945312e+02,6.000000000000000000e+00,2.432734695369541900e+00
2.641085625000000000e+05,2.637637187500000000e+05,2.639767500000000000e+05,2.641813125000000000e+05,6.505825000000000000e+06,6.505373500000000000e+06,6.505932500000000000e+06,6.504926000000000000e+06,1.250559005737304688e+02,6.000000000000000000e+00,2.810264360851416843e+00
2.637754062500000000e+05,2.635784375000000000e+05,2.640168125000000000e+05,2.635893125000000000e+05,6.505575500000000000e+06,6.505189000000000000e+06,6.505939000000000000e+06,6.506555000000000000e+06,1.267578582763671875e+02,6.000000000000000000e+00,2.658939996641712433e+00
2.643389687500000000e+05,2.638702500000000000e+05,2.639393750000000000e+05,2.633674375000000000e+05,6.505832500000000000e+06,6.504762000000000000e+06,6.505169000000000000e+06,6.505005500000000000e+06,1.278702468872070312e+02,6.000000000000000000e+00,2.945382168241550414e+00
2.641558750000000000e+05,2.635512500000000000e+05,2.644460625000000000e+05,2.638273750000000000e+05,6.505624000000000000e+06,6.505487000000000000e+06,6.506589000000000000e+06,6.506023000000000000e+06,1.294794769287109375e+02,6.000000000000000000e+00,2.254868325931098205e+00
2.641494062500000000e+05,2.633583125000000000e+05,2.640517812500000000e+05,2.632817500000000000e+05,6.506334500000000000e+06,6.506437500000000000e+06,6.505110000000000000e+06,6.505076000000000000e+06,1.295501098632812500e+02,6.000000000000000000e+00,2.472957948910275316e+00
2.642179375000000000e+05,2.629518437500000000e+05,2.640574687500000000e+05,2.640182187500000000e+05,6.506128500000000000e+06,6.504739000000000000e+06,6.505395000000000000e+06,6.505183000000000000e+06,1.308998413085937500e+02,6.000000000000000000e+00,3.278231091740333447e+00
2.641545000000000000e+05,2.634056250000000000e+05,2.638163437500000000e+05,2.635694375000000000e+05,6.505771000000000000e+06,6.504724000000000000e+06,6.505723500000000000e+06,6.505832000000000000e+06,1.269822463989257812e+02,6.000000000000000000e+00,2.927958789472722589e+00
2.637172500000000000e+05,2.641230625000000000e+05,2.642098750000000000e+05,2.639801562500000000e+05,6.505376500000000000e+06,6.505407000000000000e+06,6.506450500000000000e+06,6.505478500000000000e+06,1.314942626953125000e+02,6.000000000000000000e+00,3.274555302564571946e+00
2.639664687500000000e+05,2.641016875000000000e+05,2.641836250000000000e+05,2.642707812500000000e+05,6.504836000000000000e+06,6.504921500000000000e+06,6.505924000000000000e+06,6.506173500000000000e+06,1.268285751342773438e+02,6.000000000000000000e+00,3.555621306548245819e+00
2.640605312500000000e+05,2.640213437500000000e+05,2.639126562500000000e+05,2.638654375000000000e+05,6.505656500000000000e+06,6.505136500000000000e+06,6.504874500000000000e+06,6.506486500000000000e+06,1.227986602783203125e+02,6.000000000000000000e+00,4.500771900124935776e+00
2.636492187500000000e+05,2.643269687500000000e+05,2.641370000000000000e+05,2.644619687500000000e+05,6.505299000000000000e+06,6.506134000000000000e+06,6.506370500000000000e+06,6.506002000000000000e+06,1.262681274414062500e+02,6.000000000000000000e+00,2.410077923235106834e+00
2.636653750000000000e+05,2.630966250000000000e+05,2.641187187500000000e+05,2.639678437500000000e+05,6.504743500000000000e+06,6.505383500000000000e+06,6.505107000000000000e+06,6.505160500000000000e+06,1.273918151855468750e+02,6.000000000000000000e+00,2.714041955829334718e+00
2.638723125000000000e+05,2.638234375000000000e+05,2.639730000000000000e+05,2.642762187500000000e+05,6.506198500000000000e+06,6.504749500000000000e+06,6.504923500000000000e+06,6.506502000000000000e+06,1.293933258056640625e+02,6.000000000000000000e+00,3.662810285103701879e+00
2.640623750000000000e+05,2.639645625000000000e+05,2.638108437500000000e+05,2.641472187500000000e+05,6.504962000000000000e+06,6.505598000000000000e+06,6.504738000000000000e+06,6.506367000000000000e+06,1.298959350585937500e+02,6.000000000000000000e+00,3.764198456011638161e+00
2.636633750000000000e+05,2.645278750000000000e+05,2.638600625000000000e+05,2.638650625000000000e+05,6.505764500000000000e+06,6.504987000000000000e+06,6.504952500000000000e+06,6.505470500000000000e+06,1.330099487304687500e+02,6.000000000000000000e+00,2.584446416762752996e+00
2.635865312500000000e+05,2.646900937500000000e+05,2.643910625000000000e+05,2.637053437500000000e+05,6.506589000000000000e+06,6.506051000000000000e+06,6.504999500000000000e+06,6.506113500000000000e+06,1.344537658691406250e+02,6.000000000000000000e+00,1.036163597610615827e+00
2.639923750000000000e+05,2.634729687500000000e+05,2.645446875000000000e+05,2.645185000000000000e+05,6.504843500000000000e+06,6.505225000000000000e+06,6.506083000000000000e+06,6.504736000000000000e+06,1.314285430908203125e+02,6.000000000000000000e+00,2.040850185825376695e+00
2.637718750000000000e+05,2.631410000000000000e+05,2.637529062500000000e+05,2.638289687500000000e+05,6.506533000000000000e+06,6.505837000000000000e+06,6.504973000000000000e+06,6.504776000000000000e+06,1.341617736816406250e+02,6.000000000000000000e+00,2.542242026702874913e+00
2.646150000000000000e+05,2.629942187500000000e+05,2.642295312500000000e+05,2.644817500000000000e+05,6.505662500000000000e+06,6.505535000000000000e+06,6.506542000000000000e+06,6.505896500000000000e+06,1.326078033447265625e+02,6.000000000000000000e+00,1.807040945918006569e+00
2.637289375000000000e+05,2.633519062500000000e+05,2.643435625000000000e+05,2.637555625000000000e+05,6.506183500000000000e+06,6.504764500000000000e+06,6.506323500000000000e+06,6.504826000000000000e+06,1.350000000000000000e+02,6.000000000000000000e+00,2.343225688536485496e+00
2.637127812500000000e+05,2.646290312500000000e+05,2.635868437500000000e+05,2.646375312500000000e+05,6.506588000000000000e+06,6.506372500000000000e+06,6.505160500000000000e+06,6.506561000000000000e+06,1.334129791259765625e+02,6.000000000000000000e+00,2.117214835818016283e+00
2.639357500000000000e+05,2.630752812500000000e+05,2.639197187500000000e+05,2.636233437500000000e+05,6.504910000000000000e+06,6.505075500000000000e+06,6.504746500000000000e+06,6.505395000000000000e+06,1.350000000000000000e+02,6.000000000000000000e+00,2.479573061970897552e+00
2.639717812500000000e+05,2.640030000000000000e+05,2.636021250000000000e+05,2.629791875000000000e+05,6.506408500000000000e+06,6.504959000000000000e+06,6.505083500000000000e+06,6.505483500000000000e+06,1.322342987060546875e+02,6.000000000000000000e+00,2.284327983351970293e+00
2.632645312500000000e+05,2.630635312500000000e+05,2.640419062500000000e+05,2.647586250000000000e+05,6.505646000000000000e+06,6.505318500000000000e+06,6.505020500000000000e+06,6.505102000000000000e+06,1.336183013916015625e+02,6.000000000000000000e+00,1.530854717620035776e+00
2.641260000000000000e+05,2.637891250000000000e+05,2.637993437500000000e+05,2.638115312500000000e+05,6.505818500000000000e+06,6.506335500000000000e+06,6.504764000000000000e+06,6.504923500000000000e+06,1.299918670654296875e+02,6.000000000000000000e+00,3.533603067579490276e+00
2.642487187500000000e+05,2.642034375000000000e+05,2.637433437500000000e+05,2.644977187500000000e+05,6.505194500000000000e+06,6.505907000000000000e+06,6.505276500000000000e+06,6.506581000000000000e+06,1.262858581542968750e+02,6.000000000000000000e+00,3.684649552532504480e+00
2.647064687500000000e+05,2.637839062500000000e+05,2.637793750000000000e+05,2.643245312500000000e+05,6.505798000000000000e+06,6.505976000000000000e+06,6.504794000000000000e+06,6.506592000000000000e+06,1.277986145019531250e+02,6.000000000000000000e+00,2.691883136610772720e+00
2.643810312500000000e+05,2.639980000000000000e+05,2.634777500000000000e+05,2.640419375000000000e+05,6.506045500000000000e+06,6.504993000000000000e+06,6.504715000000000000e+06,6.505931500000000000e+06,1.299727783203125000e+02,6.000000000000000000e+00,3.454551773668428361e+00
2.646708125000000000e+05,2.642737500000000000e+05,2.631530937500000000e+05,2.645018750000000000e+05,6.505258000000000000e+06,6.505428500000000000e+06,6.505054000000000000e+06,6.505550000000000000e+06,1.259676589965820312e+02,6.000000000000000000e+00,1.988563211997579128e+00
2.637005000000000000e+05,2.638050312500000000e+05,2.636406250000000000e+05,2.641261875000000000e+05,6.506267500000000000e+06,6.504852500000000000e+06,6.506065500000000000e+06,6.506600500000000000e+06,1.267429122924804688e+02,6.000000000000000000e+00,2.401048382836604489e+00
2.640961562500000000e+05,2.638515312500000000e+05,2.636229375000000000e+05,2.637206562500000000e+05,6.505781000000000000e+06,6.505051000000000000e+06,6.504875500000000000e+06,6.506159500000000000e+06,1.258882446289062500e+02,6.000000000000000000e+00,3.122436595222726208e+00
2.643592812500000000e+05,2.641693125000000000e+05,2.638581562500000000e+05,2.641917187500000000e+05,6.504912500000000000e+06,6.504732000000000000e+06,6.504891000000000000e+06,6.505990000000000000e+06,1.222401046752929688e+02,6.000000000000000000e+00,2.960434422364468965e+00
2.638492187500000000e+05,2.642018125000000000e+05,2.642385625000000000e+05,2.637796250000000000e+05,6.504823500000000000e+06,6.505985500000000000e+06,6.505096000000000000e+06,6.505161000000000000e+06,1.224162445068359375e+02,6.000000000000000000e+00,3.945738535028157301e+00
2.636970937500000000e+05,2.637492500000000000e+05,2.639491875000000000e+05,2.640636250000000000e+05,6.504760000000000000e+06,6.505283000000000000e+06,6.505101000000000000e+06,6.505831500000000000e+06,1.180634918212890625e+02,6.000000000000000000e+00,4.699610667315850421e+00
2.637105625000000000e+05,2.641760000000000000e+05,2.639522812500000000e+05,2.636062500000000000e+05,6.504727500000000000e+06,6.505028000000000000e+06,6.505252500000000000e+06,6.505477500000000000e+06,1.220455703735351562e+02,6.000000000000000000e+00,3.118712901212291833e+00
2.637955000000000000e+05,2.636712187500000000e+05,2.642424062500000000e+05,2.640177812500000000e+05,6.505339500000000000e+06,6.505025500000000000e+06,6.504983000000000000e+06,6.505437000000000000e+06,1.179899444580078125e+02,6.000000000000000000e+00,3.980610578763077001e+00
2.640689062500000000e+05,2.639292187500000000e+05,2.638840937500000000e+05,2.638997187500000000e+05,6.506188000000000000e+06,6.504733500000000000e+06,6.506111500000000000e+06,6.506417500000000000e+06,1.216184768676757812e+02,6.000000000000000000e+00,3.333568686656035229e+00
2.638235625000000000e+05,2.638665312500000000e+05,2.642793437500000000e+05,2.637867187500000000e+05,6.505397500000000000e+06,6.506293000000000000e+06,6.504839000000000000e+06,6.504770000000000000e+06,1.240031967163085938e+02,6.000000000000000000e+00,3.697011568651334734e+00
2.635854687500000000e+05,2.637813437500000000e+05,2.640112187500000000e+05,2.640263750000000000e+05,6.505251500000000000e+06,6.505739500000000000e+06,6.504850500000000000e+06,6.506226500000000000e+06,1.201483154296875000e+02,6.000000000000000000e+00,3.644645254189148087e+00
2.641018125000000000e+05,2.645363750000000000e+05,2.645801562500000000e+05,2.639428750000000000e+05,6.504862500000000000e+06,6.505073500000000000e+06,6.505239500000000000e+06,6.504881000000000000e+06,1.205751876831054688e+02,6.000000000000000000e+00,2.645859174614453746e+00
2.639789062500000000e+05,2.641861250000000000e+05,2.638072500000000000e+05,2.644624375000000000e+05,6.505381500000000000e+06,6.505126000000000000e+06,6.504714500000000000e+06,6.506523000000000000e+06,1.252766952514648438e+02,6.000000000000000000e+00,4.083601604177317768e+00
2.638584687500000000e+05,2.638258125000000000e+05,2.641103437500000000e+05,2.638389687500000000e+05,6.506145000000000000e+06,6.504868000000000000e+06,6.505961500000000000e+06,6.505115000000000000e+06,1.227474670410156250e+02,6.000000000000000000e+00,3.373275784944460121e+00
2.641761250000000000e+05,2.640210312500000000e+05,2.641638750000000000e+05,2.638777500000000000e+05,6.504816000000000000e+06,6.504941500000000000e+06,6.505013500000000000e+06,6.505178500000000000e+06,1.234817276000976562e+02,6.000000000000000000e+00,2.086886761520854172e+00
2.642354687500000000e+05,2.645885000000000000e+05,2.634414375000000000e+05,2.645473750000000000e+05,6.505714500000000000e+06,6.505699000000000000e+06,6.504763000000000000e+06,6.506436500000000000e+06,1.241620788574218750e+02,6.000000000000000000e+00,2.352256011713470762e+00
2.636455000000000000e+05,2.639262812500000000e+05,2.636875625000000000e+05,2.638240625000000000e+05,6.504976000000000000e+06,6.506042500000000000e+06,6.505251500000000000e+06,6.504782500000000000e+06,1.225770034790039062e+02,6.000000000000000000e+00,3.406361051115503358e+00
2.640001875000000000e+05,2.641951250000000000e+05,2.641065312500000000e+05,2.640581875000000000e+05,6.505304500000000000e+06,6.504813000000000000e+06,6.505693000000000000e+06,6.506021500000000000e+06,1.187542724609375000e+02,6.000000000000000000e+00,4.379612536297099012e+00
2.635266875000000000e+05,2.646592812500000000e+05,2.641725000000000000e+05,2.639480937500000000e+05,6.504807000000000000e+06,6.506320500000000000e+06,6.505235500000000000e+06,6.505881000000000000e+06,1.191993026733398438e+02,6.000000000000000000e+00,3.481592035221583892e+00
2.639919062500000000e+05,2.639681250000000000e+05,2.638333437500000000e+05,2.640822187500000000e+05,6.505582500000000000e+06,6.505386500000000000e+06,6.505554500000000000e+06,6.505756000000000000e+06,1.198779525756835938e+02,6.000000000000000000e+00,5.030356294589771515e+00
2.639949375000000000e+05,2.642450312500000000e+05,2.635723125000000000e+05,2.643215937500000000e+05,6.505007500000000000e+06,6.505564500000000000e+06,6.504831500000000000e+06,6.506541000000000000e+06,1.240233535766601562e+02,6.000000000000000000e+00,3.804009370542282831e+00
2.638866562500000000e+05,2.643615000000000000e+05,2.638364375000000000e+05,2.639861562500000000e+05,6.504965500000000000e+06,6.506397000000000000e+06,6.505405500000000000e+06,6.506017000000000000e+06,1.252873611450195312e+02,6.000000000000000000e+00,3.963271980453210386e+00
2.637900625000000000e+05,2.641805312500000000e+05,2.637717500000000000e+05,2.639783125000000000e+05,6.504874500000000000e+06,6.505353500000000000e+06,6.506356500000000000e+06,6.505385000000000000e+06,1.252435989379882812e+02,6.000000000000000000e+00,3.895807744396448502e+00
2.638913437500000000e+05,2.646640312500000000e+05,2.637875625000000000e+05,2.641043750000000000e+05,6.504846500000000000e+06,6.504985000000000000e+06,6.506057500000000000e+06,6.506594000000000000e+06,1.220980453491210938e+02,6.000000000000000000e+00,2.811342733767895563e+00
2.640152187500000000e+05,2.640449375000000000e+05,2.638849375000000000e+05,2.640875312500000000e+05,6.505635000000000000e+06,6.504714000000000000e+06,6.504714000000000000e+06,6.505946500000000000e+06,1.209858322143554688e+02,6.000000000000000000e+00,4.502401699659280609e+00
2.635174375000000000e+05,2.641699687500000000e+05,2.640613125000000000e+05,2.640806562500000000e+05,6.504723500000000000e+06,6.505817000000000000e+06,6.505699500000000000e+06,6.504852000000000000e+06,1.217128753662109375e+02,6.000000000000000000e+00,4.253422173604434420e+00
2.636403750000000000e+05,2.636626562500000000e+05,2.635776875000000000e+05,2.639042500000000000e+05,6.504743500000000000e+06,6.505716500000000000e+06,6.504995000000000000e+06,6.506264000000000000e+06,1.239857940673828125e+02,6.000000000000000000e+00,2.667763224672820233e+00
2.631220312500000000e+05,2.644042812500000000e+05,2.643649375000000000e+05,2.639259375000000000e+05,6.504871500000000000e+06,6.505263000000000000e+06,6.506475500000000000e+06,6.505116000000000000e+06,1.288631286621093750e+02,6.000000000000000000e+00,2.849451595698293982e+00
2.638546875000000000e+05,2.636123750000000000e+05,2.638478437500000000e+05,2.643329687500000000e+05,6.504826500000000000e+06,6.506178500000000000e+06,6.505638000000000000e+06,6.505520500000000000e+06,1.257810211181640625e+02,6.000000000000000000e+00,2.569472771479865525e+00
2.634892812500000000e+05,2.637390000000000000e+05,2.647379687500000000e+05,2.640257187500000000e+05,6.504808500000000000e+06,6.506529000000000000e+06,6.506383500000000000e+06,6.505849000000000000e+06,1.275108566284179688e+02,6.000000000000000000e+00,2.941570570602874746e+00
2.630687812500000000e+05,2.641561562500000000e+05,2.640337187500000000e+05,2.640076562500000000e+05,6.504812000000000000e+06,6.506483000000000000e+06,6.505396500000000000e+06,6.505554500000000000e+06,1.266641921997070312e+02,6.000000000000000000e+00,3.913105700811333687e+00
2.631936250000000000e+05,2.637497812500000000e+05,2.642598750000000000e+05,2.639784375000000000e+05,6.504834500000000000e+06,6.504788500000000000e+06,6.506138500000000000e+06,6.506335000000000000e+06,1.280292816162109375e+02,6.000000000000000000e+00,2.470094115175948790e+00
2.635046875000000000e+05,2.641687500000000000e+05,2.645199375000000000e+05,2.637565625000000000e+05,6.504796500000000000e+06,6.506364000000000000e+06,6.505877500000000000e+06,6.504781000000000000e+06,1.230889816284179688e+02,6.000000000000000000e+00,3.089036780235833390e+00
2.636088437500000000e+05,2.639396562500000000e+05,2.640101250000000000e+05,2.637600937500000000e+05,6.505217000000000000e+06,6.506481000000000000e+06,6.505580000000000000e+06,6.505055500000000000e+06,1.254219360351562500e+02,6.000000000000000000e+00,3.113442512379918092e+00
2.630160000000000000e+05,2.640484375000000000e+05,2.644771875000000000e+05,2.643698125000000000e+05,6.505143500000000000e+06,6.506456000000000000e+06,6.504742500000000000e+06,6.505222500000000000e+06,1.286689453125000000e+02,6.000000000000000000e+00,2.006278226646443841e+00
2.628956875000000000e+05,2.647317187500000000e+05,2.638909375000000000e+05,2.638948750000000000e+05,6.505039000000000000e+06,6.505423000000000000e+06,6.504751500000000000e+06,6.505183500000000000e+06,1.241270599365234375e+02,6.000000000000000000e+00,3.310015925912745072e+00
2.635572187500000000e+05,2.643303437500000000e+05,2.639462187500000000e+05,2.641718125000000000e+05,6.504745500000000000e+06,6.506160500000000000e+06,6.504916000000000000e+06,6.506182000000000000e+06,1.226904830932617188e+02,6.000000000000000000e+00,3.770437351786823932e+00
2.632009062500000000e+05,2.643349062500000000e+05,2.635934375000000000e+05,2.644467187500000000e+05,6.504830500000000000e+06,6.505244500000000000e+06,6.505035000000000000e+06,6.504812500000000000e+06,1.198947219848632812e+02,6.000000000000000000e+00,1.653355305399163200e+00
2.638570312500000000e+05,2.639852500000000000e+05,2.641443750000000000e+05,2.639234375000000000e+05,6.504870500000000000e+06,6.506393500000000000e+06,6.505729000000000000e+06,6.505857000000000000e+06,1.213831634521484375e+02,6.000000000000000000e+00,3.380642277468552948e+00
2.635361250000000000e+05,2.644439375000000000e+05,2.644015937500000000e+05,2.640301250000000000e+05,6.504986500000000000e+06,6.505314000000000000e+06,6.505102500000000000e+06,6.504956500000000000e+06,1.172472381591796875e+02,6.000000000000000000e+00,2.153309269595724107e+00
2.637566875000000000e+05,2.639136875000000000e+05,2.640670312500000000e+05,2.642800312500000000e+05,6.505591000000000000e+06,6.505108500000000000e+06,6.505062500000000000e+06,6.505822500000000000e+06,1.156380386352539062e+02,6.000000000000000000e+00,2.461453428236737739e+00
2.632099687500000000e+05,2.642028125000000000e+05,2.636960312500000000e+05,2.637417812500000000e+05,6.504820500000000000e+06,6.505865500000000000e+06,6.504805000000000000e+06,6.505347500000000000e+06,1.172237930297851562e+02,6.000000000000000000e+00,3.458905564556668200e+00
2.629893750000000000e+05,2.637809062500000000e+05,2.639213125000000000e+05,2.636060312500000000e+05,6.504724000000000000e+06,6.506063000000000000e+06,6.505567000000000000e+06,6.505240000000000000e+06,1.205279388427734375e+02,6.000000000000000000e+00,2.884069911925299046e+00
2.641188437500000000e+05,2.629891875000000000e+05,2.639863437500000000e+05,2.642408437500000000e+05,6.506557500000000000e+06,6.505183000000000000e+06,6.504815500000000000e+06,6.506147500000000000e+06,1.174175262451171875e+02,6.000000000000000000e+00,3.079536894092647525e+00
2.639294687500000000e+05,2.641075937500000000e+05,2.637823750000000000e+05,2.638641250000000000e+05,6.505320500000000000e+06,6.504891500000000000e+06,6.505258000000000000e+06,6.506409000000000000e+06,1.125638504028320312e+02,6.000000000000000000e+00,4.031339586012253839e+00
2.641999687500000000e+05,2.641984375000000000e+05,2.637552500000000000e+05,2.641803437500000000e+05,6.505431000000000000e+06,6.505115500000000000e+06,6.506300500000000000e+06,6.506073500000000000e+06,1.097765655517578125e+02,6.000000000000000000e+00,2.652408244992993325e+00
2.643170625000000000e+05,2.634950625000000000e+05,2.638691562500000000e+05,2.641099062500000000e+05,6.505742000000000000e+06,6.504771000000000000e+06,6.505112000000000000e+06,6.506427500000000000e+06,1.125769958496093750e+02,6.000000000000000000e+00,3.319532968881930834e+00
2.632366562500000000e+05,2.641923437500000000e+05,2.640106250000000000e+05,2.639147187500000000e+05,6.505240500000000000e+06,6.506270000000000000e+06,6.506437500000000000e+06,6.505436500000000000e+06,1.076178436279296875e+02,6.000000000000000000e+00,3.056364599644961544e+00
2.634143437500000000e+05,2.638224062500000000e+05,2.640882500000000000e+05,2.639542812500000000e+05,6.504835500000000000e+06,6.504726000000000000e+06,6.505306500000000000e+06,6.505432500000000000e+06,1.095170516967773438e+02,6.000000000000000000e+00,3.392315042588627705e+00
2.639447187500000000e+05,2.643687812500000000e+05,2.639833437500000000e+05,2.639141250000000000e+05,6.505348000000000000e+06,6.505398000000000000e+06,6.505740000000000000e+06,6.505191000000000000e+06,1.066149749755859375e+02,6.000000000000000000e+00,3.629884255986369546e+00
2.643436562500000000e+05,2.636550312500000000e+05,2.640652187500000000e+05,2.645785625000000000e+05,6.506184500000000000e+06,6.505231000000000000e+06,6.505001500000000000e+06,6.506438000000000000e+06,1.099023895263671875e+02,6.000000000000000000e+00,2.952669304404271333e+00
2.640700000000000000e+05,2.638963750000000000e+05,2.636825937500000000e+05,2.638413750000000000e+05,6.505421000000000000e+06,6.506522500000000000e+06,6.505142000000000000e+06,6.505122000000000000e+06,1.129815750122070312e+02,6.000000000000000000e+00,3.306227869110605067e+00
2.638300312500000000e+05,2.639717500000000000e+05,2.641012500000000000e+05,2.640501562500000000e+05,6.504773000000000000e+06,6.506578500000000000e+06,6.504801000000000000e+06,6.505043500000000000e+06,1.173965835571289062e+02,6.000000000000000000e+00,4.026846356935014803e+00
