X1,X2,X3,X4,Y1,Y2,Y3,Y4,WD,WS,AEP
1.217622991684279121e+00
1.217622991726225568e+00
1.217622991672821398e+00
1.217622991712316916e+00
1.217622991689739198e+00
1.217622991727753012e+00
1.217622991710295421e+00
1.217622991695482382e+00
1.217622991713378955e+00
1.217622991951518907e+00
1.217623003427315664e+00
1.932445917722515727e+00
1.932445917755348797e+00
1.932445917717482864e+00
1.932445917752532161e+00
1.932445917720919226e+00
1.932445917759826326e+00
1.932445917776167921e+00
1.932445917740069241e+00
1.932445917737753316e+00
1.932445917928363954e+00
1.932445932126563681e+00
1.932476076482482874e+00
1.932476076511261631e+00
1.932476076477454230e+00
1.932476076512506191e+00
1.932476076480885929e+00
1.932476076519792363e+00
1.932476076536133736e+00
1.932476076500034390e+00
1.932476076497720019e+00
1.932476076688318889e+00
1.932476090886610542e+00
1.932625434292841948e+00
1.932625434321615820e+00
1.932625434287831290e+00
1.932625434322863045e+00
1.932625434291244559e+00
1.932625434330147218e+00
1.932625434346486593e+00
1.932625434310392798e+00
1.932625434308077983e+00
1.932625434498615347e+00
1.932625448697367965e+00
1.933371863029303528e+00
1.933371863058055640e+00
1.933371863024378801e+00
1.933371863059318629e+00
1.933371863027703697e+00
1.933371863066586149e+00
1.933371863082921305e+00
1.933371863046843053e+00
1.933371863044532901e+00
1.933371863234768284e+00
1.933371877435829944e+00
1.937094951390804676e+00
1.937094951419384925e+00
1.937094951386317598e+00
1.937094951420777367e+00
1.937094951389179531e+00
1.937094951427967171e+00
1.937094951444285007e+00
1.937094951408296017e+00
1.937094951405985865e+00
1.937094951594723780e+00
1.937094965807299118e+00
1.955471798791770910e+00
1.955471798823554375e+00
1.955471798789441218e+00
1.955471798821581952e+00
1.955471798790015203e+00
1.955471798828351870e+00
1.955471798844567788e+00
1.955471798809019557e+00
1.955471798806727612e+00
1.955471798988009269e+00
1.955471813257242397e+00
2.067020642583262457e+00
2.067020642624869176e+00
2.067020642591121948e+00
2.067020642625212012e+00
2.067020642580891909e+00
2.067020642636371974e+00
2.067020642632662497e+00
2.067020642611075765e+00
2.067020642597222846e+00
2.067020642772149586e+00
2.067020659883088918e+00
2.284915511434716162e+00
2.284915511469937321e+00
2.284915511460859250e+00
2.284915511474203687e+00
2.284915511429918666e+00
2.284915511481797168e+00
2.284915511477125794e+00
2.284915511459031823e+00
2.284915511421803380e+00
2.284915511670491561e+00
2.284915529984867799e+00
2.285878399416867879e+00
2.285878399449487119e+00
2.285878399443093123e+00
2.285878399456340304e+00
2.285878399412071715e+00
2.285878399463909361e+00
2.285878399459243759e+00
2.285878399441163555e+00
2.285878399403939554e+00
2.285878399652137904e+00
2.285878417968708831e+00
2.290361784804511913e+00
2.290361784839480830e+00
2.290361784831108416e+00
2.290361784843907067e+00
2.290361784799719302e+00
2.290361784851364657e+00
2.290361784846733695e+00
2.290361784828712111e+00
2.290361784791589805e+00
2.290361785037416720e+00
2.290361803364161286e+00
2.312685846108567311e+00
2.312685846140089652e+00
2.312685846136987244e+00
2.312685846147581437e+00
2.312685846103773812e+00
2.312685846154478142e+00
2.312685846150007940e+00
2.312685846132291889e+00
2.312685846095638986e+00
2.312685846329534112e+00
2.312685864706594874e+00
2.402693871128797287e+00
2.402693871156167393e+00
2.402693871164990558e+00
2.402693871134720993e+00
2.402693871124164104e+00
2.402693871170335616e+00
2.402693871166576844e+00
2.402693871150841876e+00
2.402693871116055924e+00
2.402693871298180461e+00
2.402693889860096466e+00
2.583708333569405546e+00
2.583708333596415940e+00
2.583708333614434416e+00
2.583708333577031002e+00
2.583708333566128168e+00
2.583708333611614893e+00
2.583708333562981352e+00
2.583708333568290438e+00
2.583708333558759840e+00
2.583708333608023544e+00
2.583708353776722255e+00
2.623038573583400090e+00
2.623038573603117207e+00
2.623038573625218195e+00
2.623038573592266332e+00
2.623038573581141453e+00
2.623038573617579416e+00
2.623038573577513244e+00
2.623038573583646560e+00
2.623038573574414389e+00
2.623038573574891785e+00
2.623038593744839719e+00
2.724046108184209114e+00
2.724046108191553905e+00
2.724046108205638195e+00
2.724046108198245442e+00
2.724046108186670256e+00
2.724046108204384087e+00
2.724046108170847358e+00
2.724046108189798421e+00
2.724046108180855796e+00
2.724046108065020455e+00
2.724046129552530449e+00
2.727528964186130445e+00
2.736602915619079646e+00
2.736602915622919241e+00
2.736602915618370879e+00
2.736602915620061527e+00
2.736602915621099807e+00
2.736602915634917199e+00
2.736602915604069430e+00
2.736602915626498156e+00
2.736602915616966225e+00
2.736602915535015335e+00
2.736602936830220933e+00
2.736731972340838759e+00
2.736731972344919050e+00
2.736731972342105745e+00
2.736731972341727381e+00
2.736731972343702246e+00
2.736731972356965858e+00
2.736731972325909368e+00
2.736731972348172448e+00
2.736731972338649843e+00
2.736731972253477529e+00
2.736731993564119225e+00
2.735184503038078141e+00
2.736790941913692432e+00
2.736790941917889075e+00
2.736790941915982156e+00
2.736790941914534425e+00
2.736790941915638431e+00
2.736790941929974075e+00
2.736790941898804785e+00
2.736790941920979492e+00
2.736790941911461772e+00
2.736790941824609469e+00
2.736790963143406863e+00
2.735160757717839619e+00
2.736831085473090841e+00
2.736831085477377634e+00
2.736831085476125303e+00
2.736831085473897751e+00
2.736831085475017300e+00
2.736831085489486171e+00
2.736831085458236057e+00
2.736831085480345482e+00
2.736831085470831315e+00
2.736831085382747553e+00
2.736831106707561467e+00
2.733470972693407663e+00
2.736876976903329872e+00
2.736876976907745007e+00
2.736876976907276049e+00
2.736876976904095038e+00
2.736876976905231018e+00
2.736876976919869531e+00
2.736876976888517721e+00
2.736876976910542769e+00
2.736876976901032155e+00
2.736876976811434936e+00
2.736876998143699780e+00
2.734672423795154739e+00
2.736906713471852992e+00
2.736906713476348507e+00
2.736906713476437769e+00
2.736906713472587072e+00
2.736906713473735930e+00
2.736906713488494347e+00
2.736906713457072815e+00
2.736906713479035691e+00
2.736906713469527297e+00
2.736906713378865152e+00
2.736906734716409328e+00
2.734082060401628489e+00
2.736935010644524269e+00
2.736935010649110378e+00
2.736935010649763633e+00
2.736935010645228150e+00
2.736935010646390776e+00
2.736935010661271317e+00
2.736935010629776510e+00
2.736935010651680322e+00
2.736935010642170152e+00
2.736935010550409775e+00
2.736935031893419357e+00
2.734706200289667599e+00
2.736955033542288529e+00
2.736955033545976246e+00
2.736955033548022165e+00
2.736955033542970650e+00
2.736955033544135052e+00
2.736955033559118178e+00
2.736955033527564307e+00
2.736955033549421046e+00
2.736955033539912652e+00
2.736955033447317831e+00
2.736955054794501407e+00
2.665141298441526807e+00
2.733662682539035327e+00
2.736976528489814875e+00
2.736976528494546645e+00
2.736976528496138705e+00
2.736976528490469018e+00
2.736976528491649407e+00
2.736976528506743112e+00
2.736976528475124848e+00
2.736976528496918526e+00
2.736976528487411020e+00
2.736976528393823216e+00
2.736976549746011678e+00
2.736989503725991479e+00
2.736989503730762330e+00
2.736989503732623064e+00
2.736989503726628303e+00
2.736989503727817130e+00
2.736989503742972119e+00
2.736989503711316996e+00
2.736989503733080031e+00
2.736989503723574302e+00
2.736989503629457587e+00
2.736989524984296818e+00
2.736164471485466265e+00
2.736995416338086073e+00
2.736995416342875131e+00
2.736995416344861987e+00
2.736995416338718456e+00
2.736995416339905063e+00
2.736995416355091137e+00
2.736995416323419583e+00
2.736995416345170185e+00
2.736995416335664011e+00
2.736995416241301271e+00
2.736995437597379066e+00
2.734361407031607349e+00
2.736788099214328973e+00
2.736997035276902412e+00
2.736997035281698132e+00
2.736997035283717405e+00
2.736997035277534351e+00
2.736997035278720070e+00
2.736997035293911473e+00
2.736997035262238143e+00
2.736997035283982527e+00
2.736997035274479018e+00
2.736997035180051441e+00
2.736997056536464079e+00
2.732731975195050289e+00
2.736606215668121234e+00
2.736985739017839592e+00
2.736997294427167660e+00
