X1,X2,X3,X4,Y1,Y2,Y3,Y4,WD,WS,AEP
3.578292024044425368e+00
3.578292024048428388e+00
3.578292024058511878e+00
3.578292024071160427e+00
3.578292023984795733e+00
3.578292024060764298e+00
3.578292024033238761e+00
3.578292024031108909e+00
3.578292024044094966e+00
3.578292022423060104e+00
3.578292036752323213e+00
1.688112205019258738e+00
1.688112205015177558e+00
1.688112205024278278e+00
1.688112205062755944e+00
1.688112204957147311e+00
1.688112205027469059e+00
1.688112204971733643e+00
1.688112205009477229e+00
1.688112205021802481e+00
1.688112205399622923e+00
1.688112217317744079e+00
1.688149219767392406e+00
1.688149219763311226e+00
1.688149219772411502e+00
1.688149219810891832e+00
1.688149219705280757e+00
1.688149219775601839e+00
1.688149219719868199e+00
1.688149219757611341e+00
1.688149219769935261e+00
1.688149220147766583e+00
1.688149232065905059e+00
1.688334288339575995e+00
1.688334288335495259e+00
1.688334288344593315e+00
1.688334288383072312e+00
1.688334288277467454e+00
1.688334288347781431e+00
1.688334288292056673e+00
1.688334288329793598e+00
1.688334288342121292e+00
1.688334288720002796e+00
1.688334300638229868e+00
1.689259406822544829e+00
1.689259406818464981e+00
1.689259406827029686e+00
1.689259406866038926e+00
1.689259406760447835e+00
1.689259406830730281e+00
1.689259406775051264e+00
1.689259406812765540e+00
1.689259406825093901e+00
1.689259407203235641e+00
1.689259419121909467e+00
1.693878304346269070e+00
1.693878304342191665e+00
1.693878304351246200e+00
1.693878304389740963e+00
1.693878304284230474e+00
1.693878304354353270e+00
1.693878304298903403e+00
1.693878304336498886e+00
1.693878304348833908e+00
1.693878304728273498e+00
1.693878316649154669e+00
1.716847518029618325e+00
1.716847518026392017e+00
1.716847518034430919e+00
1.716847518072985412e+00
1.716847517967865056e+00
1.716847518037181608e+00
1.716847517982906801e+00
1.716847518019892771e+00
1.716847518032266429e+00
1.716847518418305185e+00
1.716847530349804529e+00
1.840058752424983179e+00
1.840058752419808208e+00
1.840058752430581812e+00
1.840058752467847114e+00
1.840058752364587047e+00
1.840058752430860256e+00
1.840058752360949068e+00
1.840058752415448140e+00
1.840058752428007427e+00
1.840058752797027797e+00
1.840058765798952223e+00
2.346352824233108425e+00
2.346352824228867373e+00
2.346352824239613444e+00
2.346352824281210392e+00
2.346352824212581289e+00
2.346352824227580847e+00
2.346352824204751109e+00
2.346352824221803690e+00
2.346352824236070056e+00
2.346352824774494028e+00
2.346352840828691555e+00
2.342668770202641415e+00
2.408273524837803770e+00
2.408273524833505430e+00
2.408273524847492908e+00
2.408273524788430375e+00
2.408273524814668054e+00
2.408273524831399115e+00
2.408273524815474964e+00
2.408273524828568046e+00
2.408273524838017821e+00
2.408273525442542251e+00
2.408273541118707062e+00
2.410317702327882561e+00
2.410317702323620637e+00
2.410317702337859025e+00
2.410317702278316432e+00
2.410317702304958232e+00
2.410317702321438382e+00
2.410317702306082221e+00
2.410317702318692135e+00
2.410317702327653411e+00
2.410317702939186901e+00
2.410317718586577840e+00
2.405737793270665392e+00
2.412919336429975026e+00
2.412919336425766836e+00
2.412919336440342732e+00
2.412919336380119351e+00
2.412919336407362003e+00
2.412919336423478001e+00
2.412919336408929638e+00
2.412919336420862315e+00
2.412919336429101946e+00
2.412919337050740243e+00
2.412919352655873428e+00
2.343134053531597427e+00
2.414039770684573316e+00
2.414039770680391328e+00
2.414039770695155518e+00
2.414039770634570647e+00
2.414039770662112616e+00
2.414039770678050978e+00
2.414039770663896523e+00
2.414039770675501906e+00
2.414039770683382713e+00
2.414039771309972160e+00
2.414039786894057293e+00
2.341616974835761589e+00
2.414965002158792728e+00
2.414965002154635609e+00
2.414965002169552122e+00
2.414965002108651504e+00
2.414965002136471472e+00
2.414965002152248630e+00
2.414965002138446781e+00
2.414965002149763507e+00
2.414965002157312579e+00
2.414965002788393100e+00
2.414965018353191883e+00
2.341469772915907299e+00
2.415717902912838611e+00
2.415717902908702808e+00
2.415717902923746330e+00
2.415717902862573041e+00
2.415717902890642588e+00
2.415717902906274972e+00
2.415717902892788871e+00
2.415717902903846692e+00
2.415717902911096893e+00
2.415717903546201306e+00
2.415717919093592680e+00
2.340989220175913044e+00
2.413406849784133890e+00
2.415788542016377161e+00
2.415788542012244022e+00
2.415788542027309305e+00
2.415788541966097380e+00
2.415788541994191796e+00
2.415788542009811746e+00
2.415788541996357175e+00
2.415788542007389239e+00
2.415788542014609241e+00
2.415788542650108006e+00
2.415788558195771429e+00
2.339306991667256863e+00
2.412317543690320587e+00
2.415853336699598231e+00
2.415853336695466869e+00
2.415853336710544585e+00
2.415853336649307792e+00
2.415853336677426189e+00
2.415853336693031039e+00
2.415853336679604890e+00
2.415853336690614750e+00
2.415853336697808107e+00
2.415853337333673689e+00
2.415853352877741056e+00
2.342149017808485389e+00
2.411861683945059287e+00
2.415914488245671787e+00
2.415914488241551084e+00
2.415914488256631465e+00
2.415914488195368026e+00
2.415914488223510848e+00
2.415914488239103264e+00
2.415914488225703760e+00
2.415914488236691859e+00
2.415914488243858127e+00
2.415914488880074984e+00
2.415914504422620457e+00
2.344145736502811328e+00
2.411318824420482620e+00
2.415973006368589360e+00
2.415973006364461106e+00
2.415973006379561916e+00
2.415973006318277605e+00
2.415973006346438634e+00
2.415973006362018616e+00
2.415973006348646202e+00
2.415973006359612540e+00
2.415973006366754383e+00
2.415973007003304751e+00
2.415973022544388282e+00
2.334998931468753813e+00
2.409448271716558843e+00
2.416038423201224639e+00
2.416038423197099494e+00
2.416038423212213182e+00
2.416038423150900005e+00
2.416038423179084571e+00
2.416038423194652562e+00
2.416038423181309902e+00
2.416038423192254481e+00
2.416038423199363461e+00
2.416038423836294413e+00
2.416038439375727265e+00
2.340506038489527540e+00
2.409299100046923492e+00
2.416097906025307829e+00
2.416097906021184460e+00
2.416097906036309251e+00
2.416097905974972981e+00
2.416097906003179308e+00
2.416097906018733976e+00
2.416097906005417517e+00
2.416097906016338559e+00
2.416097906023425335e+00
2.416097906660703121e+00
2.416097922198621184e+00
2.337891201806091779e+00
2.408201968933387338e+00
2.416090436403284247e+00
2.416125043762563873e+00
2.416125043758441393e+00
2.416125043773563519e+00
2.416125043712223697e+00
2.416125043740438905e+00
2.416125043755989577e+00
2.416125043742685552e+00
2.416125043753597268e+00
2.416125043760669833e+00
2.416125044398107935e+00
2.416125059935333219e+00
2.339024674487123256e+00
2.407991475683862959e+00
2.415718754242565769e+00
2.416131010942746293e+00
2.416131010938623369e+00
2.416131010953755265e+00
2.416131010892403896e+00
2.416131010920623101e+00
2.416131010936171997e+00
2.416131010922870637e+00
2.416131010933779244e+00
2.416131010940851809e+00
2.416131011578321885e+00
2.416131027115396623e+00
2.349420034049355621e+00
2.409143253400395146e+00
2.415756374711581334e+00
2.416136133176519429e+00
2.416136133172396505e+00
2.416136133187530177e+00
2.416136133126176588e+00
2.416136133154395349e+00
2.416136133169944245e+00
2.416136133156646437e+00
2.416136133167553268e+00
2.416136133174619616e+00
2.416136133812123443e+00
2.416136149349063622e+00
2.256313273137033448e+00
2.400433349878994260e+00
2.414824295844078428e+00
2.416147253809388662e+00
2.416147253805266182e+00
2.416147253820393637e+00
2.416147253759045377e+00
2.416147253787269022e+00
2.416147253802813477e+00
2.416147253789519223e+00
2.416147253800424277e+00
2.416147253807485296e+00
2.416147254445056625e+00
2.416147269981713919e+00
2.348938217565046838e+00
2.408877290799674942e+00
2.415520571848719822e+00
2.416152410686473129e+00
2.416152410682351093e+00
2.416152410697486541e+00
2.416152410636125847e+00
2.416152410664352601e+00
2.416152410679897944e+00
2.416152410666606354e+00
2.416152410677507412e+00
2.416152410684570206e+00
2.416152411322167293e+00
2.416152426858693580e+00
2.332024020718248991e+00
2.406759112783336985e+00
2.415243304912577216e+00
2.416089574371643067e+00
2.416153070512685908e+00
