X1,X2,X3,X4,Y1,Y2,Y3,Y4,WD,WS,AEP
2.629726293911457760e+05,2.636366275403407053e+05,2.646920400384133682e+05,2.630439370703978348e+05,6.505824206384446472e+06,6.506143349166712724e+06,6.504803250343085267e+06,6.505451104807863012e+06,1.200000000000000000e+02,6.000000000000000000e+00,1.247478120847310912e+00
2.645503156154155731e+05,2.647053105621337891e+05,2.630793095967471600e+05,2.645784937350749969e+05,6.505022208262920380e+06,6.504914847074389458e+06,6.506412773711919785e+06,6.506592229498863220e+06,1.200000008940696716e+02,6.000000059604644775e+00,1.671317827313895776e+00
2.639213359444141388e+05,2.645836072592735291e+05,2.638573722152709961e+05,2.640015152065753937e+05,6.505058301880896091e+06,6.504761114342451096e+06,6.506084865589380264e+06,6.506442158724308014e+06,1.200000008940696716e+02,6.000000059604644775e+00,2.878868986625717774e+00
2.645936834602355957e+05,2.646867139725685120e+05,2.631491362883448601e+05,2.632155622168183327e+05,6.505195852346658707e+06,6.504762065013252199e+06,6.506408068676233292e+06,6.505254478262305260e+06,1.200000008940696716e+02,6.000000059604644775e+00,1.282239321690160638e+00
2.639157510786056519e+05,2.637122574924230576e+05,2.642357301979064941e+05,2.647591781585216522e+05,6.505647385208249092e+06,6.504767039528056979e+06,6.505649462304949760e+06,6.506433577634334564e+06,1.200000008940696716e+02,6.000000059604644775e+00,3.473663490968127654e+00
2.639130480556488037e+05,2.628780000000000000e+05,2.646076001553535461e+05,2.647780000000000000e+05,6.506209703393220901e+06,6.504785462174504995e+06,6.505225370652914047e+06,6.506535827393770218e+06,1.200000008940696716e+02,6.000000059604644775e+00,2.156716383345666177e+00
2.638645017950534821e+05,2.638366832404136658e+05,2.641272801785469055e+05,2.647780000000000000e+05,6.505764232458114624e+06,6.504714000000000000e+06,6.505706414516210556e+06,6.505109809230208397e+06,1.200000008940696716e+02,6.000000059604644775e+00,3.960300295661953296e+00
2.637777750520706177e+05,2.636579914300441742e+05,2.640744191377162933e+05,2.647780000000000000e+05,6.506290686382293701e+06,6.504714000000000000e+06,6.505636520738840103e+06,6.504714000000000000e+06,1.200000008940696716e+02,6.000000059604644775e+00,3.470369325824180784e+00
2.637889511822462082e+05,2.640890999226570129e+05,2.640158254413604736e+05,2.647780000000000000e+05,6.505704583622455597e+06,6.504714000000000000e+06,6.505805486853361130e+06,6.504714000000000000e+06,1.200000008940696716e+02,6.000000059604644775e+00,3.359741015324605229e+00
2.638976297943592072e+05,2.628780000000000000e+05,2.641131930439472198e+05,2.647780000000000000e+05,6.506614000000000000e+06,6.504714000000000000e+06,6.504714000000000000e+06,6.504714000000000000e+06,1.200000008940696716e+02,6.000000059604644775e+00,2.482170294306665692e+00
2.638843803613185883e+05,2.628780000000000000e+05,2.641312580435276031e+05,2.647780000000000000e+05,6.506614000000000000e+06,6.504714000000000000e+06,6.505862628586530685e+06,6.504714000000000000e+06,1.200000008940696716e+02,6.000000059604644775e+00,2.872596103512940147e+00
2.638995861678123474e+05,2.639271853594779968e+05,2.641529047636985779e+05,2.647780000000000000e+05,6.506493562139511108e+06,6.504714000000000000e+06,6.506603965814352036e+06,6.504714000000000000e+06,1.200000008940696716e+02,6.000000059604644775e+00,3.241252007313731198e+00
2.646768468289375305e+05,2.640806640176773071e+05,2.641741318969726562e+05,2.645168468503952026e+05,6.504714000000000000e+06,6.504714000000000000e+06,6.505591886715531349e+06,6.504714000000000000e+06,1.200000008940696716e+02,6.000000059604644775e+00,2.343532502472633450e+00
2.638863138585090637e+05,2.640724709181785583e+05,2.641853497593402863e+05,2.628780000000000000e+05,6.504714000000000000e+06,6.504714000000000000e+06,6.505567911826014519e+06,6.504714000000000000e+06,1.200000008940696716e+02,6.000000059604644775e+00,3.244059504313991926e+00
2.639695106356143951e+05,2.641562275974750519e+05,2.641400678961277008e+05,2.647780000000000000e+05,6.506614000000000000e+06,6.504714000000000000e+06,6.505368106470942497e+06,6.506460173101663589e+06,1.200000008940696716e+02,6.000000059604644775e+00,2.916321812491171173e+00
2.638213445930480957e+05,2.635181960611343384e+05,2.641063431887626648e+05,2.647780000000000000e+05,6.505365106056571007e+06,6.504714000000000000e+06,6.506614000000000000e+06,6.505131118157446384e+06,1.200000008940696716e+02,6.000000059604644775e+00,3.730233351885778426e+00
2.636436673789024353e+05,2.637600190519094467e+05,2.641839333562850952e+05,2.647780000000000000e+05,6.505598902140498161e+06,6.504714000000000000e+06,6.506270393891572952e+06,6.504714000000000000e+06,1.200000008940696716e+02,6.000000059604644775e+00,2.718183239348507918e+00
2.638591889529228210e+05,2.636889050750732422e+05,2.640888452260494232e+05,2.647780000000000000e+05,6.505473178957343102e+06,6.505120547568738461e+06,6.505764692588090897e+06,6.504895070771813393e+06,1.200000008940696716e+02,6.000000059604644775e+00,3.569825932218217979e+00
2.638486444680690765e+05,2.636920733242034912e+05,2.640848658888339996e+05,2.637491360663175583e+05,6.505644740055441856e+06,6.504714000000000000e+06,6.505990324450969696e+06,6.506614000000000000e+06,1.200000008940696716e+02,6.000000059604644775e+00,3.702270080670471142e+00
2.638305108397006989e+05,2.637677482275962830e+05,2.642006078867912292e+05,2.647780000000000000e+05,6.505625078417301178e+06,6.504714000000000000e+06,6.505835601641178131e+06,6.504714000000000000e+06,1.200000008940696716e+02,6.000000059604644775e+00,3.455174578703370081e+00
2.638553275077342987e+05,2.636262166409492493e+05,2.638819786934852600e+05,2.647780000000000000e+05,6.504714000000000000e+06,6.504714000000000000e+06,6.506614000000000000e+06,6.506614000000000000e+06,1.200000008940696716e+02,6.000000059604644775e+00,3.455760196285300623e+00
2.638331412701606750e+05,2.637254257260560989e+05,2.641128211348056793e+05,2.647780000000000000e+05,6.504924697174072266e+06,6.506614000000000000e+06,6.506530991895437241e+06,6.506614000000000000e+06,1.200000008940696716e+02,6.000000059604644775e+00,3.401821125471686358e+00
2.638538528947830200e+05,2.637271407096385956e+05,2.638871406881809235e+05,2.647719027965068817e+05,6.505478919540286064e+06,6.504714000000000000e+06,6.504714000000000000e+06,6.505510860918402672e+06,1.200000008940696716e+02,6.000000059604644775e+00,4.253674657131757186e+00
2.638249867885112762e+05,2.638530553965568542e+05,2.639199620096683502e+05,2.640060409693717957e+05,6.506614000000000000e+06,6.504714000000000000e+06,6.505161018367052078e+06,6.505718587405920029e+06,1.200000008940696716e+02,6.000000059604644775e+00,4.442091809438119654e+00
2.638190494357347488e+05,2.638699908523559570e+05,2.647780000000000000e+05,2.647780000000000000e+05,6.506614000000000000e+06,6.504714000000000931e+06,6.504964150375068188e+06,6.505731257684469223e+06,1.200000008940696716e+02,6.000000059604644775e+00,3.071856341806207702e+00
2.638239397464990616e+05,2.638106056033372879e+05,2.640242936222553253e+05,2.647780000000000000e+05,6.506614000000000000e+06,6.504714000000000000e+06,6.505186432903945446e+06,6.505747308780193329e+06,1.200000008940696716e+02,6.000000059604644775e+00,3.728894572437032373e+00
2.638367834656238556e+05,2.637633318065404892e+05,2.636033317713737488e+05,2.628780000000000000e+05,6.505837974543809891e+06,6.504714000000000000e+06,6.504714000000000000e+06,6.505636147357463837e+06,1.200000008940696716e+02,6.000000059604644775e+00,3.705321643494086103e+00
2.638450485913753510e+05,2.637812089829444885e+05,2.637809920548200607e+05,2.640421485452651978e+05,6.504714000000000000e+06,6.504860729523688555e+06,6.505021146611809731e+06,6.505593860359430313e+06,1.200000008940696716e+02,6.000000059604644775e+00,4.634980199321386607e+00
2.638541552691459656e+05,2.637699543147087097e+05,2.635758494524955750e+05,2.640833201556205750e+05,6.504714000000000000e+06,6.504850052183806896e+06,6.505358742491841316e+06,6.505548732174873352e+06,1.200000008940696716e+02,6.000000059604644775e+00,4.131121143267042939e+00
2.638395692734718323e+05,2.637568803040981293e+05,2.639995692520141602e+05,2.638921238629817963e+05,6.504714000000000000e+06,6.505409050111413002e+06,6.504714000000000000e+06,6.505607819975852966e+06,1.200000008940696716e+02,6.000000059604644775e+00,4.123291476476796724e+00
2.638671667664051056e+05,2.637271174936294556e+05,2.637070612965822220e+05,2.640623215584754944e+05,6.506614000000000000e+06,6.506535546536684036e+06,6.504922420136570930e+06,6.505632654480576515e+06,1.200000008940696716e+02,6.000000059604644775e+00,3.543267861764879623e+00
2.638184630333185196e+05,2.638396146862506866e+05,2.638653243212699890e+05,2.638973329691886902e+05,6.504872596202731133e+06,6.504714000000000000e+06,6.506614000000000000e+06,6.505617918826580048e+06,1.200000008940696716e+02,6.000000059604644775e+00,4.205263324455875917e+00
2.637375396131277084e+05,2.638181066392660141e+05,2.635543288348913193e+05,2.639664374022483826e+05,6.506473692293405533e+06,6.505541262848615646e+06,6.505320331661343575e+06,6.505780778790950775e+06,1.200000008940696716e+02,6.000000059604644775e+00,3.205506131678698800e+00
2.639280722110271454e+05,2.636884169160127640e+05,2.637547767071723938e+05,2.635331146686077118e+05,6.505669335718393326e+06,6.505223220001101494e+06,6.505888322253465652e+06,6.505646289129495621e+06,1.200000008940696716e+02,6.000000059604644775e+00,2.911684779931551503e+00
2.638309363155364990e+05,2.640067389218807220e+05,2.632863854556083679e+05,2.647727910070419312e+05,6.504738281859304756e+06,6.505083949144124985e+06,6.505737378783464432e+06,6.505459697987079620e+06,1.200000008940696716e+02,6.000000059604644775e+00,3.668922443879537365e+00
2.637910589127540588e+05,2.630201461738646030e+05,2.630881245597004890e+05,2.642771635262966156e+05,6.506173969425201416e+06,6.504730782870702446e+06,6.505477446852564812e+06,6.504921131676375866e+06,1.200000008940696716e+02,6.000000059604644775e+00,1.773045894914396792e+00
2.638422114818096161e+05,2.639954762129783630e+05,2.638079915939569473e+05,2.640317964701652527e+05,6.504870306481361389e+06,6.504714000000000000e+06,6.504714000000000000e+06,6.505754883314609528e+06,1.200000008940696716e+02,6.000000059604644775e+00,4.579637207451125569e+00
2.638402768521308899e+05,2.639750868945121765e+05,2.637956376193761826e+05,2.640370207517147064e+05,6.504867648262470961e+06,6.504714000000000000e+06,6.504714000000000000e+06,6.505607655198812485e+06,1.200000008940696716e+02,6.000000059604644775e+00,4.764544147050822076e+00
2.638375652222633362e+05,2.640064186542034149e+05,2.637521802513599396e+05,2.639804717628955841e+05,6.504849315556824207e+06,6.504714000000000000e+06,6.504714000000000000e+06,6.505310471765637398e+06,1.200000008940696716e+02,6.000000059604644775e+00,4.119986696708618723e+00
2.638158856033086777e+05,2.642078821985721588e+05,2.637245411394834518e+05,2.634636785297393799e+05,6.505810680670976639e+06,6.505606476561665535e+06,6.504974847321152687e+06,6.506529513771772385e+06,1.200000008940696716e+02,6.000000059604644775e+00,2.041509667696212560e+00
2.638657308845520020e+05,2.639833017377853394e+05,2.638233017026185989e+05,2.643338221399784088e+05,6.504869017893761396e+06,6.504714000000000000e+06,6.504714000000000000e+06,6.505683245392084122e+06,1.200000008940696716e+02,6.000000059604644775e+00,3.947338738499563515e+00
2.637959754972457886e+05,2.635836022405624390e+05,2.643500927119255066e+05,2.635057021110057831e+05,6.506589006097555161e+06,6.505910637594699860e+06,6.506499902488231659e+06,6.505324781717300415e+06,1.200000008940696716e+02,6.000000059604644775e+00,2.648903827662058230e+00
2.638891047625541687e+05,2.641254021732807159e+05,2.646026585428714752e+05,2.638862040071487427e+05,6.505058327956438065e+06,6.504942719747811556e+06,6.506446048708200455e+06,6.505732153709173203e+06,1.200000008940696716e+02,6.000000059604644775e+00,2.768328451810670110e+00
2.638346029727458954e+05,2.638879370539188385e+05,2.637279370187520981e+05,2.639599834649562836e+05,6.504864849303603172e+06,6.504714000000000000e+06,6.504714000000000000e+06,6.506614000000000000e+06,1.200000008940696716e+02,6.000000059604644775e+00,4.238168532736384719e+00
2.638266060202121735e+05,2.638652752845287323e+05,2.635241240708827972e+05,2.642996366231441498e+05,6.504734876113232225e+06,6.505905987371444702e+06,6.506448782308340073e+06,6.504718801263567060e+06,1.200000008940696716e+02,6.000000059604644775e+00,2.891072571106014344e+00
2.637493168680667877e+05,2.639810004084110260e+05,2.642739752321243286e+05,2.630099539211690426e+05,6.506127415211439133e+06,6.504714000000000000e+06,6.504996218280434608e+06,6.504899546591877937e+06,1.200000008940696716e+02,6.000000059604644775e+00,2.506631351945001640e+00
2.637018735377788544e+05,2.637565286098718643e+05,2.629426622266620398e+05,2.647240442960262299e+05,6.504950935383826494e+06,6.504727183944253251e+06,6.506541961969375610e+06,6.504995660982966423e+06,1.200000008940696716e+02,6.000000059604644775e+00,2.810078917594938996e+00
2.638203815250396729e+05,2.638422325460910797e+05,2.636822325109243393e+05,2.640912340967655182e+05,6.504872633560687304e+06,6.504714000000000000e+06,6.504714000000000000e+06,6.505729901076793671e+06,1.200000008940696716e+02,6.000000059604644775e+00,4.816736760057091615e+00
2.641022324829101562e+05,2.646298510580062866e+05,2.634796346096992493e+05,2.634205226300954819e+05,6.504771710819132626e+06,6.505254498363971710e+06,6.505135052025258541e+06,6.506005033434867859e+06,1.200000008940696716e+02,6.000000059604644775e+00,1.731354406276545355e+00
2.638373360066413879e+05,2.634295118688344955e+05,2.639176761953830719e+05,2.644539174227714539e+05,6.505298201481938362e+06,6.505481558747529984e+06,6.505144689641833305e+06,6.505768804766178131e+06,1.200000008940696716e+02,6.000000059604644775e+00,2.876255792414159629e+00
