X1,X2,X3,X4,Y1,Y2,Y3,Y4,WD,WS,AEP
2.640409375000000000e+05,2.641269375000000000e+05,2.640251875000000000e+05,2.639937187500000000e+05,6.505975000000000000e+06,6.506262500000000000e+06,6.504776500000000000e+06,6.505404500000000000e+06,9.000000000000000000e+01,6.000000000000000000e+00,4.197259354225376882e+00
2.640426250000000000e+05,2.641208125000000000e+05,2.640235625000000000e+05,2.639964062500000000e+05,6.505972000000000000e+06,6.506222500000000000e+06,6.504781000000000000e+06,6.505413500000000000e+06,9.090000152587890625e+01,6.000000000000000000e+00,4.342834599655852834e+00
2.640443750000000000e+05,2.641143437500000000e+05,2.640218750000000000e+05,2.639992500000000000e+05,6.505968000000000000e+06,6.506179000000000000e+06,6.504785500000000000e+06,6.505424000000000000e+06,9.180000305175781250e+01,6.000000000000000000e+00,4.430279987742367531e+00
2.640462187500000000e+05,2.641076875000000000e+05,2.640201562500000000e+05,2.640025312500000000e+05,6.505962500000000000e+06,6.506130500000000000e+06,6.504792000000000000e+06,6.505436500000000000e+06,9.269999694824218750e+01,6.000000000000000000e+00,4.492800399609457429e+00
2.640478437500000000e+05,2.641020937500000000e+05,2.640181562500000000e+05,2.640057187500000000e+05,6.505955500000000000e+06,6.506106000000000000e+06,6.504797500000000000e+06,6.505450000000000000e+06,9.359999847412109375e+01,6.000000000000000000e+00,4.519095868965399276e+00
2.640493750000000000e+05,2.640975000000000000e+05,2.640161250000000000e+05,2.640089375000000000e+05,6.505947000000000000e+06,6.506099500000000000e+06,6.504803000000000000e+06,6.505465500000000000e+06,9.450000000000000000e+01,6.000000000000000000e+00,4.533341649255546280e+00
2.640509375000000000e+05,2.640925625000000000e+05,2.640137812500000000e+05,2.640123125000000000e+05,6.505937000000000000e+06,6.506091500000000000e+06,6.504809000000000000e+06,6.505481500000000000e+06,9.540000152587890625e+01,6.000000000000000000e+00,4.547499135456634534e+00
2.640553750000000000e+05,2.640756562500000000e+05,2.640120312500000000e+05,2.640210000000000000e+05,6.505936000000000000e+06,6.505777500000000000e+06,6.504831500000000000e+06,6.505515000000000000e+06,9.630000305175781250e+01,6.000000000000000000e+00,4.343889910984433556e+00
2.640573750000000000e+05,2.640698437500000000e+05,2.640094687500000000e+05,2.640252187500000000e+05,6.505924500000000000e+06,6.505765000000000000e+06,6.504840500000000000e+06,6.505535500000000000e+06,9.719999694824218750e+01,6.000000000000000000e+00,4.370832063453082839e+00
2.640593750000000000e+05,2.640642500000000000e+05,2.640066562500000000e+05,2.640297187500000000e+05,6.505912500000000000e+06,6.505741500000000000e+06,6.504851000000000000e+06,6.505557500000000000e+06,9.809999847412109375e+01,6.000000000000000000e+00,4.403274870692214016e+00
2.640614687500000000e+05,2.640588125000000000e+05,2.640040625000000000e+05,2.640327187500000000e+05,6.505904500000000000e+06,6.505719500000000000e+06,6.504861000000000000e+06,6.505561500000000000e+06,9.900000000000000000e+01,6.000000000000000000e+00,4.440889704390453829e+00
2.640644062500000000e+05,2.640501875000000000e+05,2.640003437500000000e+05,2.640450312500000000e+05,6.505885000000000000e+06,6.505494500000000000e+06,6.504890500000000000e+06,6.505654500000000000e+06,9.990000152587890625e+01,6.000000000000000000e+00,4.449739817622324622e+00
2.640662812500000000e+05,2.640453437500000000e+05,2.639975625000000000e+05,2.640470312500000000e+05,6.505877500000000000e+06,6.505491500000000000e+06,6.504899500000000000e+06,6.505651500000000000e+06,1.008000030517578125e+02,6.000000000000000000e+00,4.501816506746595614e+00
2.640681562500000000e+05,2.640403125000000000e+05,2.639945000000000000e+05,2.640506875000000000e+05,6.505868000000000000e+06,6.505449500000000000e+06,6.504913000000000000e+06,6.505666500000000000e+06,1.016999969482421875e+02,6.000000000000000000e+00,4.546079912828341563e+00
2.640698750000000000e+05,2.640357187500000000e+05,2.639912500000000000e+05,2.640550625000000000e+05,6.505856500000000000e+06,6.505385500000000000e+06,6.504929500000000000e+06,6.505692000000000000e+06,1.025999984741210938e+02,6.000000000000000000e+00,4.577186967131122053e+00
2.640717187500000000e+05,2.640301562500000000e+05,2.639884687500000000e+05,2.640567187500000000e+05,6.505851500000000000e+06,6.505333000000000000e+06,6.504941500000000000e+06,6.505692500000000000e+06,1.035000000000000000e+02,6.000000000000000000e+00,4.610532071466506565e+00
2.640734375000000000e+05,2.640247812500000000e+05,2.639857500000000000e+05,2.640575625000000000e+05,6.505847500000000000e+06,6.505284000000000000e+06,6.504953000000000000e+06,6.505688500000000000e+06,1.044000015258789062e+02,6.000000000000000000e+00,4.659757191801631393e+00
2.640749062500000000e+05,2.640197187500000000e+05,2.639830000000000000e+05,2.640580000000000000e+05,6.505844000000000000e+06,6.505239500000000000e+06,6.504964000000000000e+06,6.505685000000000000e+06,1.053000030517578125e+02,6.000000000000000000e+00,4.716461833190633612e+00
2.640762187500000000e+05,2.640149062500000000e+05,2.639802187500000000e+05,2.640580937500000000e+05,6.505840500000000000e+06,6.505198500000000000e+06,6.504974500000000000e+06,6.505681500000000000e+06,1.061999969482421875e+02,6.000000000000000000e+00,4.782537127118371423e+00
2.640773125000000000e+05,2.640104062500000000e+05,2.639774375000000000e+05,2.640579062500000000e+05,6.505837000000000000e+06,6.505162500000000000e+06,6.504984500000000000e+06,6.505678000000000000e+06,1.070999984741210938e+02,6.000000000000000000e+00,4.862111857013042382e+00
2.640720937500000000e+05,2.640237187500000000e+05,2.639681250000000000e+05,2.640795625000000000e+05,6.505767500000000000e+06,6.505155000000000000e+06,6.505005000000000000e+06,6.505927000000000000e+06,1.080000000000000000e+02,6.000000000000000000e+00,4.893294385864170870e+00
2.640724062500000000e+05,2.640209687500000000e+05,2.639646875000000000e+05,2.640783437500000000e+05,6.505763500000000000e+06,6.505153500000000000e+06,6.505003500000000000e+06,6.505923500000000000e+06,1.089000015258789062e+02,6.000000000000000000e+00,4.932643979269727197e+00
2.640725000000000000e+05,2.640181562500000000e+05,2.639612500000000000e+05,2.640770312500000000e+05,6.505759500000000000e+06,6.505152500000000000e+06,6.505003000000000000e+06,6.505919500000000000e+06,1.098000030517578125e+02,6.000000000000000000e+00,4.971482190714907823e+00
2.640726250000000000e+05,2.640097812500000000e+05,2.639630625000000000e+05,2.640759062500000000e+05,6.505758500000000000e+06,6.504939500000000000e+06,6.505092500000000000e+06,6.505918500000000000e+06,1.106999969482421875e+02,6.000000000000000000e+00,4.973457352451153390e+00
2.640725000000000000e+05,2.640066875000000000e+05,2.639600312500000000e+05,2.640744375000000000e+05,6.505755500000000000e+06,6.504939500000000000e+06,6.505092500000000000e+06,6.505915500000000000e+06,1.115999984741210938e+02,6.000000000000000000e+00,5.007650409943387615e+00
2.640722187500000000e+05,2.640036875000000000e+05,2.639570625000000000e+05,2.640729687500000000e+05,6.505752500000000000e+06,6.504939500000000000e+06,6.505092500000000000e+06,6.505912500000000000e+06,1.125000000000000000e+02,6.000000000000000000e+00,5.041050554584879606e+00
2.640717500000000000e+05,2.640008437500000000e+05,2.639540937500000000e+05,2.640715312500000000e+05,6.505750000000000000e+06,6.504939500000000000e+06,6.505092500000000000e+06,6.505910000000000000e+06,1.134000015258789062e+02,6.000000000000000000e+00,5.072968248552144566e+00
2.640711562500000000e+05,2.639981562500000000e+05,2.639512500000000000e+05,2.640700937500000000e+05,6.505747000000000000e+06,6.504940500000000000e+06,6.505093500000000000e+06,6.505907500000000000e+06,1.143000030517578125e+02,6.000000000000000000e+00,5.105558612873467794e+00
2.640701562500000000e+05,2.639960312500000000e+05,2.639481250000000000e+05,2.640690000000000000e+05,6.505742500000000000e+06,6.504940500000000000e+06,6.505093000000000000e+06,6.505912000000000000e+06,1.151999969482421875e+02,6.000000000000000000e+00,5.136645332926632612e+00
2.640685937500000000e+05,2.639943437500000000e+05,2.639448437500000000e+05,2.640684375000000000e+05,6.505736000000000000e+06,6.504941500000000000e+06,6.505093500000000000e+06,6.505922500000000000e+06,1.160999984741210938e+02,6.000000000000000000e+00,5.159724957443634352e+00
2.640669062500000000e+05,2.639929375000000000e+05,2.639416562500000000e+05,2.640680000000000000e+05,6.505729500000000000e+06,6.504936500000000000e+06,6.505096500000000000e+06,6.505935000000000000e+06,1.170000000000000000e+02,6.000000000000000000e+00,5.166147998038542966e+00
2.640648750000000000e+05,2.639917187500000000e+05,2.639384687500000000e+05,2.640675937500000000e+05,6.505722500000000000e+06,6.504928000000000000e+06,6.505100000000000000e+06,6.505948000000000000e+06,1.179000015258789062e+02,6.000000000000000000e+00,5.162260554529170875e+00
2.640625312500000000e+05,2.639906562500000000e+05,2.639351562500000000e+05,2.640672187500000000e+05,6.505715000000000000e+06,6.504920000000000000e+06,6.505102500000000000e+06,6.505962000000000000e+06,1.188000030517578125e+02,6.000000000000000000e+00,5.153820442265722335e+00
2.640599062500000000e+05,2.639897500000000000e+05,2.639316875000000000e+05,2.640669062500000000e+05,6.505707000000000000e+06,6.504913000000000000e+06,6.505104000000000000e+06,6.505977000000000000e+06,1.196999969482421875e+02,6.000000000000000000e+00,5.141178184755995417e+00
2.640569375000000000e+05,2.639889375000000000e+05,2.639281875000000000e+05,2.640666875000000000e+05,6.505699000000000000e+06,6.504906500000000000e+06,6.505105000000000000e+06,6.505993000000000000e+06,1.205999984741210938e+02,6.000000000000000000e+00,5.041213262114816018e+00
2.640536250000000000e+05,2.639882812500000000e+05,2.639244687500000000e+05,2.640665312500000000e+05,6.505690000000000000e+06,6.504900000000000000e+06,6.505105000000000000e+06,6.506009500000000000e+06,1.215000000000000000e+02,6.000000000000000000e+00,4.897667558579488656e+00
2.640500312500000000e+05,2.639877187500000000e+05,2.639206250000000000e+05,2.640664687500000000e+05,6.505680000000000000e+06,6.504894000000000000e+06,6.505103000000000000e+06,6.506027000000000000e+06,1.224000015258789062e+02,6.000000000000000000e+00,4.756286698156505288e+00
2.640461250000000000e+05,2.639872500000000000e+05,2.639167500000000000e+05,2.640665625000000000e+05,6.505670000000000000e+06,6.504888500000000000e+06,6.505100500000000000e+06,6.506045500000000000e+06,1.233000030517578125e+02,6.000000000000000000e+00,4.613871999184433470e+00
2.640420312500000000e+05,2.639869687500000000e+05,2.639127187500000000e+05,2.640668750000000000e+05,6.505659500000000000e+06,6.504882500000000000e+06,6.505097000000000000e+06,6.506065500000000000e+06,1.241999969482421875e+02,6.000000000000000000e+00,4.470701165300392077e+00
2.640376562500000000e+05,2.639867500000000000e+05,2.639085937500000000e+05,2.640673750000000000e+05,6.505648000000000000e+06,6.504876500000000000e+06,6.505092500000000000e+06,6.506085500000000000e+06,1.250999984741210938e+02,6.000000000000000000e+00,4.332966451877663161e+00
2.640330937500000000e+05,2.639865937500000000e+05,2.639044062500000000e+05,2.640680625000000000e+05,6.505636500000000000e+06,6.504872000000000000e+06,6.505086000000000000e+06,6.506106500000000000e+06,1.260000000000000000e+02,6.000000000000000000e+00,4.198176013991393063e+00
2.640283437500000000e+05,2.639867500000000000e+05,2.639001250000000000e+05,2.640692187500000000e+05,6.505624000000000000e+06,6.504867000000000000e+06,6.505079000000000000e+06,6.506128000000000000e+06,1.269000015258789062e+02,6.000000000000000000e+00,4.080813605200882321e+00
2.640235625000000000e+05,2.639869062500000000e+05,2.638957812500000000e+05,2.640707187500000000e+05,6.505611500000000000e+06,6.504863000000000000e+06,6.505071000000000000e+06,6.506151000000000000e+06,1.278000030517578125e+02,6.000000000000000000e+00,3.976108927116800196e+00
2.640187187500000000e+05,2.639872187500000000e+05,2.638913125000000000e+05,2.640726250000000000e+05,6.505598000000000000e+06,6.504858500000000000e+06,6.505062500000000000e+06,6.506174500000000000e+06,1.286999969482421875e+02,6.000000000000000000e+00,3.877097155062839917e+00
2.640137187500000000e+05,2.639876562500000000e+05,2.638869062500000000e+05,2.640749375000000000e+05,6.505584500000000000e+06,6.504855500000000000e+06,6.505053000000000000e+06,6.506198000000000000e+06,1.296000061035156250e+02,6.000000000000000000e+00,3.775936473056346276e+00
2.640088125000000000e+05,2.639882812500000000e+05,2.638824062500000000e+05,2.640778125000000000e+05,6.505571000000000000e+06,6.504852500000000000e+06,6.505042500000000000e+06,6.506223000000000000e+06,1.305000000000000000e+02,6.000000000000000000e+00,3.667917759903222219e+00
2.640039062500000000e+05,2.639892187500000000e+05,2.638778125000000000e+05,2.640812187500000000e+05,6.505556500000000000e+06,6.504851000000000000e+06,6.505031500000000000e+06,6.506249000000000000e+06,1.313999938964843750e+02,6.000000000000000000e+00,3.514680409977835929e+00
2.639991562500000000e+05,2.639903125000000000e+05,2.638731250000000000e+05,2.640852500000000000e+05,6.505542000000000000e+06,6.504850000000000000e+06,6.505020000000000000e+06,6.506275500000000000e+06,1.323000030517578125e+02,6.000000000000000000e+00,3.236657946392848206e+00
2.639945312500000000e+05,2.639915937500000000e+05,2.638683750000000000e+05,2.640898437500000000e+05,6.505527500000000000e+06,6.504849500000000000e+06,6.505008000000000000e+06,6.506302500000000000e+06,1.331999969482421875e+02,6.000000000000000000e+00,2.901114787359926783e+00
2.639901562500000000e+05,2.639930625000000000e+05,2.638635000000000000e+05,2.640950937500000000e+05,6.505512500000000000e+06,6.504850000000000000e+06,6.504995000000000000e+06,6.506331000000000000e+06,1.341000061035156250e+02,6.000000000000000000e+00,2.660551485084639012e+00
2.639859375000000000e+05,2.639948437500000000e+05,2.638585937500000000e+05,2.641009062500000000e+05,6.505498000000000000e+06,6.504851500000000000e+06,6.504982000000000000e+06,6.506359500000000000e+06,1.350000000000000000e+02,6.000000000000000000e+00,2.593587180302685091e+00
