X1,X2,X3,X4,Y1,Y2,Y3,Y4,WD,WS,AEP
2.424509805688608743e+00
2.424509805680107100e+00
2.424509805683571884e+00
2.424509805633387582e+00
2.424509805798710449e+00
2.424509805690324704e+00
2.424509805679847751e+00
2.424509805736701384e+00
2.424509805546298580e+00
2.424509806806355527e+00
2.424509819830375168e+00
1.424644046370174166e+00
1.424644046370174166e+00
1.424644046366495997e+00
1.424644046334688552e+00
1.424644046421321475e+00
1.424644046370174166e+00
1.424644046364562433e+00
1.424644046405214359e+00
1.424644046305949541e+00
1.424644046236346107e+00
1.424644058893593357e+00
1.424685802976271898e+00
1.424685802976271898e+00
1.424685802972593507e+00
1.424685802940788726e+00
1.424685803027417874e+00
1.424685802976271898e+00
1.424685802970660387e+00
1.424685803011312313e+00
1.424685802912048604e+00
1.424685802842436289e+00
1.424685815499750596e+00
1.424894563856027307e+00
1.424894563856027307e+00
1.424894563852348917e+00
1.424894563820548132e+00
1.424894563907168399e+00
1.424894563856027307e+00
1.424894563850415352e+00
1.424894563891063282e+00
1.424894563791814894e+00
1.424894563722155727e+00
1.424894576379802213e+00
1.425937805873577435e+00
1.425937805873577435e+00
1.425937805869898822e+00
1.425937805838123129e+00
1.425937805924695656e+00
1.425937805873577435e+00
1.425937805867966146e+00
1.425937805908591205e+00
1.425937805809418757e+00
1.425937805739523778e+00
1.425937818398839152e+00
1.431139947161657933e+00
1.431139947161657933e+00
1.431139947157975545e+00
1.431139947126326195e+00
1.431139947212660246e+00
1.431139947161657933e+00
1.431139947156043979e+00
1.431139947196560680e+00
1.431139947097765486e+00
1.431139947026692560e+00
1.431139959694310848e+00
1.458355449413874183e+00
1.458355449413874183e+00
1.458355449410178029e+00
1.458355449379148405e+00
1.458355449488328848e+00
1.458355449413874183e+00
1.458355449408251125e+00
1.458355449448227148e+00
1.458355449317493280e+00
1.458355449289107320e+00
1.458355463313651512e+00
1.646689930319939599e+00
1.646689930319939599e+00
1.646689930316145967e+00
1.646689930296258098e+00
1.646689930384826361e+00
1.646689930319939599e+00
1.646689930314249928e+00
1.646689930350848652e+00
1.646689930270492930e+00
1.646689930155922799e+00
1.646689944481094514e+00
1.959805727753094695e+00
1.959805727753094695e+00
1.959805727749096116e+00
1.959805727735444592e+00
1.959805727800655983e+00
1.959805727753094695e+00
1.959805727747265136e+00
1.959805727778224593e+00
1.959805727701983802e+00
1.959805727523477259e+00
1.959805743843101133e+00
2.369028281821504933e+00
2.369028281821504933e+00
2.369028281828239102e+00
2.369028281831022653e+00
2.369028281847492146e+00
2.369028281821504933e+00
2.369028281815077186e+00
2.369028281813409187e+00
2.369028281851638607e+00
2.369028281288099613e+00
2.369028299113444369e+00
2.398581246081300300e+00
2.398581246081300300e+00
2.398581246076564533e+00
2.398581246091566754e+00
2.398581246101515241e+00
2.398581246081300300e+00
2.398581246074967588e+00
2.398581246079251272e+00
2.398581246100874420e+00
2.398581245572795950e+00
2.398581263781359052e+00
2.398118611725867488e+00
2.400525371355657356e+00
2.400525371355657356e+00
2.400525371350980208e+00
2.400525371350620496e+00
2.400525371376488248e+00
2.400525371355657356e+00
2.400525371349365500e+00
2.400525371356875048e+00
2.400525371374861106e+00
2.400525370863670904e+00
2.400525389207218474e+00
2.400693570172743208e+00
2.400693570172743208e+00
2.400693570168057178e+00
2.400693570167703239e+00
2.400693570193483062e+00
2.400693570172743208e+00
2.400693570166444246e+00
2.400693570173477731e+00
2.400693570191998472e+00
2.400693569678108652e+00
2.400693588004123136e+00
2.400935499936874606e+00
2.400935499936874606e+00
2.400935499932159711e+00
2.400935499931848405e+00
2.400935499957308927e+00
2.400935499936874606e+00
2.400935499930556105e+00
2.400935499935927808e+00
2.400935499956317720e+00
2.400935499433396902e+00
2.400935517697774912e+00
2.400939885550307018e+00
2.400939885550307018e+00
2.400939885545593455e+00
2.400939885545280816e+00
2.400939885570751109e+00
2.400939885550307018e+00
2.400939885543988961e+00
2.400939885549418840e+00
2.400939885569746579e+00
2.400939885047124189e+00
2.400939903313604518e+00
2.400967885669275770e+00
2.400967885669275770e+00
2.400967885664563539e+00
2.400967885664245571e+00
2.400967885689746950e+00
2.400967885669275770e+00
2.400967885662959489e+00
2.400967885668525703e+00
2.400967885688699788e+00
2.400967885166793714e+00
2.400967903438342876e+00
2.401135158789514890e+00
2.401135158789514890e+00
2.401135158784807544e+00
2.401135158784478918e+00
2.401135158810048686e+00
2.401135158789514890e+00
2.401135158783201273e+00
2.401135158789135637e+00
2.401135158808898495e+00
2.401135158288915328e+00
2.401135176574067387e+00
2.402027267829466961e+00
2.402027267829466961e+00
2.402027267824773382e+00
2.402027267824428325e+00
2.402027267850214809e+00
2.402027267829466961e+00
2.402027267823161782e+00
2.402027267830279200e+00
2.402027267848722225e+00
2.402027267334972294e+00
2.402027285663093537e+00
2.405264128378812316e+00
2.405264128378812316e+00
2.405264128374148047e+00
2.405264128373872268e+00
2.405264128400172119e+00
2.405264128378812316e+00
2.405264128372524013e+00
2.405264128382996525e+00
2.405264128397679002e+00
2.405264127902592364e+00
2.405264146348314647e+00
2.410283452380899583e+00
2.410283452380899583e+00
2.410283452376240199e+00
2.410283452376225988e+00
2.410283452402858906e+00
2.410283452380899583e+00
2.410283452374609059e+00
2.410283452388218617e+00
2.410283452399373694e+00
2.410283451922902387e+00
2.410283470471774603e+00
2.422454294190003132e+00
2.422454294190003132e+00
2.422454294185289569e+00
2.422454294182938561e+00
2.422454294213154835e+00
2.422454294190003132e+00
2.422454294183657986e+00
2.422454294203856939e+00
2.422454294207671666e+00
2.422454293781616919e+00
2.422454312405797783e+00
2.393285790548294045e+00
2.430073474489987895e+00
2.430073474489987895e+00
2.430073474496840191e+00
2.430073474482277618e+00
2.430073474513409160e+00
2.430073474489987895e+00
2.430073474483596119e+00
2.430073474504230280e+00
2.430073474507515208e+00
2.430073474091326347e+00
2.430073492725399298e+00
2.330870050210541500e+00
2.426530388661960469e+00
2.439309178838391379e+00
2.439309178838391379e+00
2.439309178845165071e+00
2.439309178830267655e+00
2.439309178861996052e+00
2.439309178838391379e+00
2.439309178831938762e+00
2.439309178852788307e+00
2.439309178855859184e+00
2.439309178444847070e+00
2.439309197087664138e+00
2.114580625131129210e+00
2.326253046099824751e+00
2.397820973133750755e+00
2.432348889185752761e+00
2.441522033670959324e+00
2.441522033670959324e+00
2.441522033677701486e+00
2.441522033662715252e+00
2.441522033694738969e+00
2.441522033670959324e+00
2.441522033664482727e+00
2.441522033685380677e+00
2.441522033639492051e+00
2.441522033278406667e+00
2.441522051923712855e+00
2.570220283815987106e+00
2.570220283815987106e+00
2.570220283821655460e+00
2.570220283809177886e+00
2.570220283842806097e+00
2.570220283815987106e+00
2.570220283808728468e+00
2.570220283812939766e+00
2.570220283839518061e+00
2.570220283251111404e+00
2.570220305135289429e+00
1.825629954985537040e+00
2.660872469293306786e+00
2.660872469293306786e+00
2.660872469295113341e+00
2.660872469303174892e+00
2.660872469304299770e+00
2.660872469293306786e+00
2.660872469293695808e+00
2.660872469289050635e+00
2.660872469305755494e+00
2.660872468670004487e+00
2.660872487520064222e+00
2.641288738025289184e+00
2.662430764265656613e+00
2.662430764265656613e+00
2.662430764267302408e+00
2.662430764275462991e+00
2.662430764276519923e+00
2.662430764265656613e+00
2.662430764265931504e+00
2.662430764261050964e+00
2.662430764278958861e+00
2.662430763639488163e+00
2.662430782436493892e+00
2.327204236315230101e+00
2.664878220566849532e+00
2.664878220566849532e+00
2.664878220567994838e+00
2.664878220576458290e+00
2.664878220529136144e+00
2.664878220566849532e+00
2.664878220566766043e+00
2.664878220561230471e+00
2.664878220582623580e+00
2.664878219933434877e+00
2.664878238572044644e+00
2.663771215533027537e+00
2.665616594854357757e+00
2.666403539503841458e+00
2.666403539503841458e+00
2.666403539505094678e+00
2.666403539513498622e+00
2.666403539514432097e+00
2.666403539503841458e+00
2.666403539503835685e+00
2.666403539498460873e+00
2.666403539519187404e+00
2.666403538870840251e+00
2.666403557542254887e+00
2.667434253490420737e+00
2.667434253490420737e+00
2.667434253491652196e+00
2.667434253500090335e+00
2.667434253501152597e+00
2.667434253490420737e+00
2.667434253490398532e+00
2.667434253485110318e+00
2.667434253505827968e+00
2.667434252856871524e+00
2.667434271531496481e+00
2.672693541649195037e+00
2.672693541649195037e+00
2.672693541650313254e+00
2.672693541658921479e+00
2.672693541660636107e+00
2.672693541649195037e+00
2.672693541649088456e+00
2.672693541644231008e+00
2.672693541664905137e+00
2.672693541012850726e+00
2.672693559703130717e+00
2.676775603442929530e+00
2.676775603442929530e+00
2.676775603443460660e+00
2.676775603452918872e+00
2.676775603404965231e+00
2.676775603442929530e+00
2.676775603442383300e+00
2.676775603439732087e+00
2.676775603458771080e+00
2.676775602805557597e+00
2.676775621619016832e+00
2.686980637200565347e+00
2.686980637200565347e+00
2.686980637200914845e+00
2.686980637210716338e+00
2.686980637162559304e+00
2.686980637200565347e+00
2.686980637199879673e+00
2.686980637198572275e+00
2.686980637216437096e+00
2.686980636559198832e+00
2.686980655456720157e+00
2.734289760019798621e+00
2.734289760019798621e+00
2.734289760019279925e+00
2.734289760030460315e+00
2.734289759981611390e+00
2.734289760019798621e+00
2.734289760018440152e+00
2.734289760023929095e+00
2.734289760035824024e+00
2.734289759359144867e+00
2.734289778654770409e+00
2.510706990957454199e+00
2.728547140219813372e+00
2.746486497725395104e+00
2.746486497725395104e+00
2.746486497724470510e+00
2.746486497736135401e+00
2.746486497687170125e+00
2.746486497725395104e+00
2.746486497723720888e+00
2.746486497732579135e+00
2.746486497716184694e+00
2.746486497057779808e+00
2.746486516508134024e+00
2.757920158362801466e+00
2.757920158362801466e+00
2.757920158362232144e+00
2.757920158373529329e+00
2.757920158324655091e+00
2.757920158362801466e+00
2.757920158361393703e+00
2.757920158369098207e+00
2.757920158378880160e+00
2.757920157691642782e+00
2.757920177120316119e+00
2.768900548571978426e+00
2.768900548571978426e+00
2.768900548571878950e+00
2.768900548582712950e+00
2.768900548601791911e+00
2.768900548571978426e+00
2.768900548570909503e+00
2.768900548579413368e+00
2.768900548587204469e+00
2.768900547896400166e+00
2.768900567407492908e+00
2.780323081323686552e+00
2.780323081323686552e+00
2.780323081323293533e+00
2.780323081334425073e+00
2.780323081285646314e+00
2.780323081323686552e+00
2.780323081322400469e+00
2.780323081331424362e+00
2.780323081339799440e+00
2.780323080642244982e+00
2.780323100158620608e+00
2.778459433224591102e+00
2.780820921426285341e+00
2.780820921426285341e+00
2.780820921425871450e+00
2.780820921437022974e+00
2.780820921388264644e+00
2.780820921426285341e+00
2.780820921424981496e+00
2.780820921434518311e+00
2.780820921417023861e+00
2.780820920743677149e+00
2.780820940275932074e+00
2.770414451425789792e+00
2.778722469362560510e+00
2.781170744057854805e+00
2.781170744057854805e+00
2.781170744057468447e+00
2.781170744068593326e+00
2.781170744089394020e+00
2.781170744057854805e+00
2.781170744056570499e+00
2.781170744066170819e+00
2.781170744048514720e+00
2.781170743375130705e+00
2.781170762913254713e+00
2.782431572818400145e+00
2.782431572818400145e+00
2.782431572818019117e+00
2.782431572829139110e+00
2.782431572849673351e+00
2.782431572818400145e+00
2.782431572817121612e+00
2.782431572826521649e+00
2.782431572809129783e+00
2.782431572135468212e+00
2.782431591667219095e+00
2.775482021515632169e+00
2.782487372916366386e+00
2.782541684232022305e+00
2.782541684232022305e+00
2.782541684231644830e+00
2.782541684242759494e+00
2.782541684194001164e+00
2.782541684232022305e+00
2.782541684230746881e+00
2.782541684240025681e+00
2.782541684222763045e+00
2.782541683549274669e+00
2.782541703077498596e+00
2.781383872725984752e+00
2.782975267474891545e+00
2.782975267474891545e+00
2.782975267474524284e+00
2.782975267485628734e+00
2.782975267436865963e+00
2.782975267474891545e+00
2.782975267473623671e+00
2.782975267482796777e+00
2.782975267465629621e+00
2.782975266792194091e+00
2.782975286318251307e+00
2.770879670559595276e+00
2.780792536174840457e+00
2.782657101030872493e+00
2.783011894224508787e+00
2.783011894224508787e+00
2.783011894224142857e+00
2.783011894235246864e+00
2.783011894186487201e+00
2.783011894224508787e+00
2.783011894223241800e+00
2.783011894232398031e+00
2.783011894240625672e+00
2.783011893541834425e+00
2.783011913067428011e+00
2.783291103337756311e+00
2.783291103337756311e+00
2.783291103337393047e+00
2.783291103348494389e+00
2.783291103299736502e+00
2.783291103337756311e+00
2.783291103336491545e+00
2.783291103345668205e+00
2.783291103328498828e+00
2.783291102654929183e+00
2.783291122181646315e+00
2.781816698983536007e+00
2.782956703803550980e+00
2.783272999591561714e+00
2.783353602426007711e+00
2.783353602426007711e+00
2.783353602425646223e+00
2.783353602436746677e+00
2.783353602456967835e+00
2.783353602426007711e+00
2.783353602424744277e+00
2.783353602433925378e+00
2.783353602416742234e+00
2.783353601743148165e+00
2.783353621270145517e+00
2.783350679951076767e+00
2.783364755395456136e+00
2.783364755395456136e+00
2.783364755395094647e+00
2.783364755406193769e+00
2.783364755357432774e+00
2.783364755395456136e+00
2.783364755394192258e+00
2.783364755403370694e+00
2.783364755386195100e+00
2.783364754712602362e+00
2.783364774239506012e+00
2.783381163973942751e+00
2.783381163973942751e+00
2.783381163973581707e+00
2.783381163984681272e+00
2.783381164004897101e+00
2.783381163973942751e+00
2.783381163972678873e+00
2.783381163981855089e+00
2.783381163964683047e+00
2.783381163291086757e+00
2.783381182817947774e+00
2.783304279892954369e+00
2.783392547180302490e+00
2.783392547180302490e+00
2.783392547179941445e+00
2.783392547191041899e+00
2.783392547211247958e+00
2.783392547180302490e+00
2.783392547179039944e+00
2.783392547188211719e+00
2.783392547196418487e+00
2.783392546497452269e+00
2.783392566024208925e+00
2.783390692425706803e+00
2.783395261488277761e+00
2.783395261488277761e+00
2.783395261487918049e+00
2.783395261499017614e+00
2.783395261519227226e+00
2.783395261488277761e+00
2.783395261487015659e+00
2.783395261496187878e+00
2.783395261479017169e+00
2.783395260805423099e+00
2.783395280332221944e+00
2.783399085439124399e+00
2.783399085439124399e+00
2.783399085438763798e+00
2.783399085449861587e+00
2.783399085401104589e+00
2.783399085439124399e+00
2.783399085437861409e+00
2.783399085447031851e+00
2.783399085429866027e+00
2.783399084756269737e+00
2.783399104283051706e+00
2.783395821988372099e+00
2.783399628214536570e+00
