X1,X2,X3,X4,Y1,Y2,Y3,Y4,WD,WS,AEP
6.478870246763642760e-01
6.478870246878067896e-01
6.478870246476569061e-01
6.478870246782783004e-01
6.478870246837850067e-01
6.478870246756354145e-01
6.478870246720174197e-01
6.478870246795060961e-01
6.478870246717300940e-01
6.478870249651695890e-01
6.478870323648177054e-01
1.114559373538801301e+00
1.114559373557469923e+00
1.114559373462296055e+00
1.114559373542840293e+00
1.114559373551855970e+00
1.114559373539601106e+00
1.114559373519972585e+00
1.114559373546343490e+00
1.114559373535054076e+00
1.114559374110113410e+00
1.114559382450575953e+00
1.114590062467557985e+00
1.114590062486226385e+00
1.114590062391053182e+00
1.114590062471596754e+00
1.114590062480611765e+00
1.114590062468357790e+00
1.114590062448730601e+00
1.114590062475099952e+00
1.114590062463810538e+00
1.114590063038865653e+00
1.114590071379385261e+00
1.114743504132527763e+00
1.114743504151195719e+00
1.114743504056024292e+00
1.114743504136566754e+00
1.114743504145581765e+00
1.114743504133327345e+00
1.114743504113698824e+00
1.114743504140069730e+00
1.114743504128780538e+00
1.114743504703812782e+00
1.114743513044616385e+00
1.115510672275789039e+00
1.115510672294454997e+00
1.115510672199292230e+00
1.115510672279828475e+00
1.115510672288843264e+00
1.115510672276587512e+00
1.115510672256955216e+00
1.115510672283331450e+00
1.115510672272042925e+00
1.115510672846963258e+00
1.115510681189185949e+00
1.119345478925177106e+00
1.119345478943833516e+00
1.119345478848714492e+00
1.119345478929218540e+00
1.119345478938229110e+00
1.119345478925971138e+00
1.119345478906317748e+00
1.119345478932720406e+00
1.119345478921435433e+00
1.119345479495790663e+00
1.119345487845119669e+00
1.138493989600080747e+00
1.138493989618690527e+00
1.138493989523781114e+00
1.138493989604130840e+00
1.138493989613123647e+00
1.138493989600851908e+00
1.138493989581089716e+00
1.138493989607627377e+00
1.138493989596361944e+00
1.138493990167773751e+00
1.138493998552894793e+00
1.233677185507755958e+00
1.233677185526134590e+00
1.233677185432138224e+00
1.233677185511850016e+00
1.233677185520756225e+00
1.233677185508414098e+00
1.233677185488037065e+00
1.233677185515319685e+00
1.233677185504149287e+00
1.233677186057975161e+00
1.233677194628428841e+00
1.600683418200006702e+00
1.600683418217309750e+00
1.600683418163907135e+00
1.600683418204317698e+00
1.600683418212814679e+00
1.600683418200163466e+00
1.600683418183896256e+00
1.600683418207655695e+00
1.600683418196922503e+00
1.600683418713114259e+00
1.600683429054680751e+00
1.649160504755161849e+00
1.649160504771347568e+00
1.649160504798424798e+00
1.649160504759718870e+00
1.649160504772992697e+00
1.649160504754841883e+00
1.649160504757517298e+00
1.649160504762905433e+00
1.649160504750533995e+00
1.649160505402108345e+00
1.649160516583211944e+00
1.750680007455612142e+00
1.750680007472258604e+00
1.750680007501146829e+00
1.750680007460065024e+00
1.750680007468308208e+00
1.750680007455482690e+00
1.750680007460522436e+00
1.750680007463315979e+00
1.750680007452843689e+00
1.750680007987211795e+00
1.750680019161373169e+00
8.215276192545727385e-01
1.634551234975602840e+00
1.735880678005379707e+00
1.756179503956077026e+00
1.756179503972763678e+00
1.756179503919965024e+00
1.756179503960520805e+00
1.756179503968779532e+00
1.756179503955964671e+00
1.756179503960992205e+00
1.756179503963777755e+00
1.756179503953289256e+00
1.756179504481801601e+00
1.756179515704755500e+00
1.754997828101794832e+00
1.757763285281354948e+00
1.757763285298033162e+00
1.757763285327039515e+00
1.757763285285800947e+00
1.757763285294056121e+00
1.757763285281238819e+00
1.757763285286432886e+00
1.757763285289056343e+00
1.757763285278570731e+00
1.757763285807467879e+00
1.757763297026082139e+00
1.757217614910526304e+00
1.757880401121247660e+00
1.757880401137926984e+00
1.757880401085231581e+00
1.757880401125693215e+00
1.757880401133948833e+00
1.757880401121131975e+00
1.757880401126326708e+00
1.757880401128948833e+00
1.757880401118463221e+00
1.757880401647187840e+00
1.757880412867222297e+00
1.757903809304519838e+00
1.757903809321198496e+00
1.757903809350203961e+00
1.757903809308965393e+00
1.757903809317221011e+00
1.757903809304404152e+00
1.757903809309603549e+00
1.757903809312220789e+00
1.757903809301735398e+00
1.757903809830524189e+00
1.757903821050001980e+00
1.757965554493428728e+00
1.757965554510107831e+00
1.757965554457419755e+00
1.757965554497874505e+00
1.757965554506129902e+00
1.757965554493313043e+00
1.757965554498515548e+00
1.757965554501129901e+00
1.757965554490644289e+00
1.757965555019385118e+00
1.757965566239277688e+00
1.757941854719081043e+00
1.757964588894333824e+00
1.757970118945143323e+00
1.757970118961822426e+00
1.757970118990827668e+00
1.757970118949588878e+00
1.757970118957844274e+00
1.757970118945027860e+00
1.757970118950227700e+00
1.757970118952844496e+00
1.757970118942358884e+00
1.757970119471099713e+00
1.757970130690980737e+00
1.757971679207220639e+00
1.757971679223899741e+00
1.757971679171211221e+00
1.757971679211666860e+00
1.757971679219922478e+00
1.757971679207105176e+00
1.757971679212308125e+00
1.757971679214921590e+00
1.757971679204436422e+00
1.757971679733175030e+00
1.757971690953068489e+00
1.757978978895236022e+00
1.757978978911914902e+00
1.757978978859225716e+00
1.757978978899681799e+00
1.757978978907937195e+00
1.757978978895120337e+00
1.757978978900323952e+00
1.757978978902936973e+00
1.757978978892451583e+00
1.757978979421192189e+00
1.757978990641085204e+00
1.758015475834194596e+00
1.758015475850872589e+00
1.758015475798182958e+00
1.758015475838640818e+00
1.758015475846895992e+00
1.758015475834078689e+00
1.758015475839281194e+00
1.758015475841895991e+00
1.758015475831410823e+00
1.758015476360158758e+00
1.758015487580066871e+00
1.758197939464570592e+00
1.758197939481244365e+00
1.758197939428553402e+00
1.758197939469017479e+00
1.758197939477271543e+00
1.758197939464452686e+00
1.758197939469655191e+00
1.758197939472272653e+00
1.758197939461789261e+00
1.758197939990571834e+00
1.758197951210544563e+00
1.759109704409351549e+00
1.759109704426004894e+00
1.759109704373311267e+00
1.759109704413803987e+00
1.759109704422048726e+00
1.759109704409224539e+00
1.759109704414434372e+00
1.759109704417055831e+00
1.759109704406579988e+00
1.759109704935525320e+00
1.759109716155834002e+00
1.763655021303372594e+00
1.763655021319923799e+00
1.763655021267211076e+00
1.763655021307851012e+00
1.763655021316054672e+00
1.763655021303201842e+00
1.763655021308439430e+00
1.763655021311087756e+00
1.763655021300655434e+00
1.763655021830420111e+00
1.763655033052364596e+00
1.787099090766718357e+00
1.787099090782778177e+00
1.787099090729948214e+00
1.787099090771325560e+00
1.787099090784527666e+00
1.787099090766344656e+00
1.787099090771699927e+00
1.787099090774487919e+00
1.787099090762249043e+00
1.787099091335678791e+00
1.787099103209594197e+00
1.877681567607516921e+00
1.877681567630666404e+00
1.877681567569108090e+00
1.877681567612502489e+00
1.877681567624980064e+00
1.877681567606050095e+00
1.877681567600459456e+00
1.877681567604623014e+00
1.877681567604316815e+00
1.877681568232329123e+00
1.877681580678028261e+00
1.877868536664518029e+00
1.877868536687662404e+00
1.877868536626102980e+00
1.877868536669505151e+00
1.877868536681981615e+00
1.877868536663049426e+00
1.877868536657459453e+00
1.877868536661623233e+00
1.877868536661321031e+00
1.877868537289366646e+00
1.877868549735219883e+00
1.878802812751371842e+00
1.878802812774492459e+00
1.878802812712942139e+00
1.878802812756363849e+00
1.878802812768834762e+00
1.878802812749894802e+00
1.878802812744312600e+00
1.878802812748471496e+00
1.878802812748188833e+00
1.878802813376418079e+00
1.878802825823029599e+00
1.883459966815836717e+00
1.883459966838835209e+00
1.883459966777321526e+00
1.883459966820856257e+00
1.883459966833296306e+00
1.883459966814315711e+00
1.883459966808768815e+00
1.883459966812910613e+00
1.883459966812723874e+00
1.883459967441868610e+00
1.883459979892240899e+00
1.906278624811697853e+00
1.906278624832734137e+00
1.906278624772766772e+00
1.906278624816854839e+00
1.906278624829144341e+00
1.906278624810003430e+00
1.906278624804589317e+00
1.906278624808643185e+00
1.906278624808926070e+00
1.906278625442546337e+00
1.906278637910519658e+00
2.006758947293425521e+00
2.006758947321539477e+00
2.006758947252541336e+00
2.006758947300084195e+00
2.006758947307313967e+00
2.006758947290892436e+00
2.006758947286132688e+00
2.006758947289643658e+00
2.006758947293008966e+00
2.006758947968365625e+00
2.006758961279537345e+00
2.667477703204942152e+00
2.667477703238515296e+00
2.667477703153146695e+00
2.667477703206195372e+00
2.667477703238880782e+00
2.667477703200602068e+00
2.667477703196647898e+00
2.667477703182136395e+00
2.667477703207819406e+00
2.667477703944344913e+00
2.667477720649670481e+00
2.514554963599076487e+00
2.906041903676571447e+00
2.906041903649837277e+00
2.906041903619892786e+00
2.906041903670497195e+00
2.906041903708862062e+00
2.906041903673623583e+00
2.906041903667843318e+00
2.906041903671299664e+00
2.906041903682546224e+00
2.906041904263057862e+00
2.906041923353655410e+00
2.930023161498118256e+00
2.930023161536977838e+00
2.930023161443385149e+00
2.930023161496596806e+00
2.930023161541014609e+00
2.930023161491308592e+00
2.930023161489567762e+00
2.930023161475797444e+00
2.930023161503525486e+00
2.930023162162713302e+00
2.930023181666192578e+00
2.911921666784415219e+00
2.938699825065438809e+00
2.938699825039799762e+00
2.938699825009968514e+00
2.938699825060275828e+00
2.938699825097023766e+00
2.938699825059155835e+00
2.938699825056827031e+00
2.938699825041186653e+00
2.938699825070963723e+00
2.938699825693930734e+00
2.938699844485942236e+00
2.945486731502809707e+00
2.945486731472154229e+00
2.945486731447540141e+00
2.945486731497819033e+00
2.945486731534332936e+00
2.945486731496758548e+00
2.945486731494226351e+00
2.945486731479032283e+00
2.945486731508232925e+00
2.945486732147625020e+00
2.945486751813519266e+00
2.889892078735606606e+00
2.956202175492090856e+00
2.956202175461706272e+00
2.956202175437119273e+00
2.956202175490312722e+00
2.956202175523501285e+00
2.956202175485233230e+00
2.956202175483547023e+00
2.956202175469016868e+00
2.956202175497368856e+00
2.956202176147445737e+00
2.956202195736619132e+00
2.619203502200213141e+00
2.901894399586304463e+00
2.954619235790956644e+00
2.957467453004892555e+00
2.957467452974555044e+00
2.957467452949975595e+00
2.957467453003158830e+00
2.957467453047929684e+00
2.957467452997882162e+00
2.957467452996354496e+00
2.957467452981944689e+00
2.957467453010165670e+00
2.957467453661998924e+00
2.957467473236214062e+00
2.955926235871526142e+00
2.958788238348942112e+00
2.958788238318634800e+00
2.958788238294077555e+00
2.958788238347239474e+00
2.958788238391957037e+00
2.958788238341841126e+00
2.958788238340413823e+00
2.958788238326081288e+00
2.958788238354190803e+00
2.958788239007636989e+00
2.958788258568320284e+00
2.930866774342110403e+00
2.953950206312636162e+00
2.958400293986574336e+00
2.959057650260732864e+00
2.959057650230430880e+00
2.959057650205877188e+00
2.959057650259035555e+00
2.959057650303742903e+00
2.959057650253613225e+00
2.959057650252209015e+00
2.959057650237888915e+00
2.959057650265979333e+00
2.959057650919750149e+00
2.959057670477673874e+00
2.832044382680267258e+00
2.929010892030868174e+00
2.953335301537475033e+00
2.958036663015380263e+00
2.958960949569685805e+00
2.959109939717063487e+00
2.959109939686764168e+00
2.959109939662210031e+00
2.959109939715367954e+00
2.959109939760072194e+00
2.959109939709942960e+00
2.959109939708539194e+00
2.959109939694223534e+00
2.959109939722307736e+00
2.959109940376144721e+00
2.959109959933531098e+00
2.653064624876678934e+00
2.913346526040102358e+00
2.949754489438815241e+00
2.957284617871904331e+00
2.958765229342899872e+00
2.959058034179091301e+00
2.959115461551246717e+00
2.959115461590152485e+00
2.959115461496391486e+00
2.959115461549551629e+00
2.959115461594254981e+00
2.959115461544123526e+00
2.959115461542718872e+00
2.959115461528407653e+00
2.959115461556493187e+00
2.959115462210340386e+00
2.959115481767599309e+00
2.962114741264593842e+00
2.962114741234289639e+00
2.962114741209819879e+00
2.962114741262924067e+00
2.962114741307579457e+00
2.962114741257472428e+00
2.962114741256097528e+00
2.962114741241814286e+00
2.962114741269746165e+00
2.962114741926483497e+00
2.962114761460657775e+00
2.977003905930218242e+00
2.977003905969138664e+00
2.977003905875865719e+00
2.977003905928678140e+00
2.977003905973039988e+00
2.977003905923097715e+00
2.977003905921879134e+00
2.977003905907744663e+00
2.977003905934896277e+00
2.977003906606723760e+00
2.977003926020707514e+00
3.016193535286418204e+00
3.016193535325368380e+00
3.016193535233807843e+00
3.016193535285400351e+00
3.016193535330535802e+00
3.016193535279303894e+00
3.016193535278726578e+00
3.016193535265151660e+00
3.016193535284882987e+00
3.016193536021561261e+00
3.016193554934329946e+00
3.017404563945729201e+00
3.017404563984683818e+00
3.017404563893228531e+00
3.017404563944636742e+00
3.017404563990105260e+00
3.017404563938614892e+00
3.017404563938095308e+00
3.017404563916226135e+00
3.017404563944133145e+00
3.017404564681634760e+00
3.017404583867208778e+00
3.017447902146053185e+00
3.017447902185007358e+00
3.017447902093554735e+00
3.017447902144961169e+00
3.017447902190432352e+00
3.017447902138940652e+00
3.017447902138420623e+00
3.017447902116550562e+00
3.017447902144458460e+00
3.017447902881988497e+00
3.017447922067298727e+00
3.017598053747612141e+00
3.017598053786566759e+00
3.017598053695103921e+00
3.017598053746520570e+00
3.017598053791991308e+00
3.017598053740496056e+00
3.017598053739982689e+00
3.017598053718108631e+00
3.017598053746018749e+00
3.017598054483505710e+00
3.017598073669225833e+00
3.017877291991200028e+00
3.017877291960775032e+00
3.017877291938697581e+00
3.017877291990106237e+00
3.017877292035584968e+00
3.017877291984096377e+00
3.017877291983568355e+00
3.017877291961688968e+00
3.017877291989614186e+00
3.017877292726909744e+00
3.017877311914308969e+00
3.018025773618616014e+00
3.018025773588190575e+00
3.018025773566113124e+00
3.018025773617521335e+00
3.018025773662997846e+00
3.018025773611520357e+00
3.018025773610985674e+00
3.018025773589101846e+00
3.018025773617033281e+00
3.018025774354228474e+00
3.018025793542509216e+00
3.018767346687718955e+00
3.018767346657280193e+00
3.018767346635204962e+00
3.018767346686622055e+00
3.018767346732090573e+00
3.018767346680657937e+00
3.018767346680088171e+00
3.018767346658190576e+00
3.018767346686156205e+00
3.018767347422856240e+00
3.018767366615547676e+00
3.021651987769936376e+00
3.021651987739422118e+00
3.021651987717380639e+00
3.021651987768823044e+00
3.021651987806045270e+00
3.021651987763040559e+00
3.021651987762315805e+00
3.021651987740332057e+00
3.021651987768498415e+00
3.021651988501126596e+00
3.021652007727844591e+00
3.027034815967264869e+00
3.027034815936598733e+00
3.027034815914629196e+00
3.027034815966240799e+00
3.027034816003347117e+00
3.027034815960721659e+00
3.027034815959671832e+00
3.027034815945882862e+00
3.027034815966108461e+00
3.027034816691464236e+00
3.027034835696133630e+00
3.055714503307375818e+00
3.055714503281185657e+00
3.055714503254343128e+00
3.055714503303387009e+00
3.055714503343369248e+00
3.055714503301791396e+00
3.055714503299967078e+00
3.055714503285372530e+00
3.055714503307628505e+00
3.055714503972863483e+00
3.055714522459478388e+00
2.994979570991618267e+00
3.128254181268850687e+00
3.128254181241064913e+00
3.128254181316925120e+00
3.128254181264659373e+00
3.128254181308141035e+00
3.128254181266919787e+00
3.128254181261914901e+00
3.128254181245543109e+00
3.128254181273340429e+00
3.128254181821865210e+00
3.128254202222996661e+00
1.040627266809824869e+00
3.029735777505828676e+00
3.146154006846662909e+00
3.146154006818398408e+00
3.146154006894748889e+00
3.146154006842447615e+00
3.146154006886500376e+00
3.146154006845777396e+00
3.146154006839709361e+00
3.146154006823045357e+00
3.146154006852183826e+00
3.146154007367670591e+00
3.146154028023420146e+00
1.420082709101313068e+00
2.493771800840700159e+00
3.121247903046893146e+00
3.149527755827240760e+00
3.149527755798875894e+00
3.149527755875329404e+00
3.149527755823021913e+00
3.149527755814634844e+00
3.149527755826571074e+00
3.149527755820283659e+00
3.149527755803561035e+00
3.149527755832928655e+00
3.149527756341788276e+00
3.149527777048837685e+00
3.152728435827502729e+00
3.152728435799194706e+00
3.152728435875574498e+00
3.152728435823357156e+00
3.152728435868236367e+00
3.152728435826693598e+00
3.152728435820541630e+00
3.152728435804014850e+00
3.152728435833004106e+00
3.152728436353410046e+00
3.152728456982320182e+00
3.153649459805300204e+00
3.153649459776966424e+00
3.153649459853368420e+00
3.153649459801153299e+00
3.153649459846066705e+00
3.153649459804537258e+00
3.153649459798336885e+00
3.153649459781799003e+00
3.153649459810852651e+00
3.153649460329718046e+00
3.153649480970584840e+00
3.149065085514829221e+00
3.154804954241337001e+00
3.154804954212977464e+00
3.154804954289410546e+00
3.154804954237189207e+00
3.154804954282140805e+00
3.154804954240636228e+00
3.154804954234375014e+00
3.154804954217818924e+00
3.154804954246949400e+00
3.154804954763876346e+00
3.154804975419801760e+00
3.108485640223350721e+00
3.148255096925538510e+00
3.154560604340798768e+00
3.155073037919103207e+00
3.155073037890737009e+00
3.155073037967171867e+00
3.155073037914955414e+00
3.155073037959919446e+00
3.155073037918417089e+00
3.155073037912136780e+00
3.155073037895581134e+00
3.155073037924729817e+00
3.155073038441210898e+00
3.155073059100615307e+00
2.861575112759727979e+00
3.121963245658708086e+00
3.149984567270363911e+00
3.154502281003400022e+00
3.155182700514302496e+00
3.155182700485933189e+00
3.155182700562371600e+00
3.155182700510154703e+00
3.155182700555120068e+00
3.155182700513621263e+00
3.155182700507336513e+00
3.155182700490778203e+00
3.155182700519934436e+00
3.155182701036231219e+00
3.155182721697057602e+00
1.152224497926824132e+00
3.018612130154279427e+00
3.133771422969335863e+00
3.151714103890470575e+00
3.154645551562119010e+00
3.155133595433587512e+00
3.155196582525135796e+00
3.155196582496765156e+00
3.155196582573203568e+00
3.155196582520988446e+00
3.155196582565952479e+00
3.155196582524453675e+00
3.155196582518170256e+00
3.155196582501611946e+00
3.155196582530766847e+00
3.155196583047037873e+00
3.155196603708048997e+00
1.464473295715486678e+00
2.402581256150057687e+00
3.115139473794142688e+00
3.148752696996650169e+00
3.154136570151649277e+00
3.155030634032661929e+00
3.155179905295844467e+00
3.155200562746222293e+00
3.155200562717852097e+00
3.155200562794292285e+00
3.155200562742074499e+00
3.155200562787041196e+00
3.155200562745540616e+00
3.155200562739258530e+00
3.155200562722698443e+00
3.155200562751856896e+00
3.155200563268120817e+00
3.155200583929181235e+00
1.464510399238300620e+00
2.402441501774142729e+00
3.115125709577146740e+00
3.148744588748146889e+00
3.154129844606097244e+00
3.155024237741428816e+00
3.155173661452627787e+00
3.155198622102538764e+00
3.155201382307477154e+00
