X1,X2,X3,X4,Y1,Y2,Y3,Y4,WD,WS,AEP
1.716525889389544535e+00
1.716525889368900604e+00
1.716525889466311128e+00
1.716525889473611732e+00
1.716525889419022288e+00
1.716525889378591518e+00
1.716525889441089525e+00
1.716525889436260943e+00
1.716525889320339227e+00
1.716525889922370762e+00
1.716525895822570646e+00
1.717492353449225462e+00
1.717492353428494045e+00
1.717492353471856692e+00
1.717492353457022336e+00
1.717492353468422994e+00
1.717492353436337105e+00
1.717492353469811661e+00
1.717492353444245445e+00
1.717492353393822890e+00
1.717492353162946017e+00
1.717492363020698187e+00
1.717515475669993519e+00
1.717515475649261880e+00
1.717515475692623639e+00
1.717515475677791059e+00
1.717515475689190829e+00
1.717515475657105162e+00
1.717515475690578386e+00
1.717515475665015501e+00
1.717515475614590947e+00
1.717515475383708523e+00
1.717515485241481565e+00
1.717631079247948334e+00
1.717631079227216917e+00
1.717631079270571126e+00
1.717631079255752979e+00
1.717631079267145644e+00
1.717631079235060865e+00
1.717631079268525873e+00
1.717631079242977421e+00
1.717631079192549093e+00
1.717631078961645352e+00
1.717631088819522311e+00
1.718208886667420998e+00
1.718208886646691580e+00
1.718208886690007375e+00
1.718208886675258507e+00
1.718208886686619863e+00
1.718208886654537304e+00
1.718208886687965897e+00
1.718208886662486945e+00
1.718208886612038633e+00
1.718208886381018319e+00
1.718208896239419747e+00
1.721092733039638167e+00
1.721092733018916521e+00
1.721092733062039359e+00
1.721092733047635326e+00
1.721092733058840363e+00
1.721092733026775123e+00
1.721092733060004543e+00
1.721092733034880196e+00
1.721092732984336182e+00
1.721092732752748766e+00
1.721092742613751003e+00
1.737138152575752326e+00
1.737138152555071979e+00
1.737138152597282659e+00
1.737138152584508877e+00
1.737138152602541785e+00
1.737138152562991422e+00
1.737138152595294027e+00
1.737138152571845229e+00
1.737138152494651422e+00
1.737138152282815540e+00
1.737138163201165542e+00
1.827302127156233302e+00
1.827302127135812748e+00
1.827302127173672242e+00
1.827302127168371815e+00
1.827302127181666069e+00
1.827302127144108335e+00
1.827302127171967605e+00
1.827302127156377631e+00
1.827302127118104469e+00
1.827302126864233323e+00
1.827302137817838013e+00
1.935776476002968316e+00
1.935776475982955436e+00
1.935776476015809155e+00
1.935776476015990788e+00
1.935776476025386383e+00
1.935776475991782153e+00
1.935776476003846280e+00
1.935776476005985902e+00
1.935776475968669530e+00
1.935776475736168400e+00
1.935776486661224371e+00
2.317471055019336923e+00
2.317471054993389235e+00
2.317471055036187888e+00
2.317471055025288162e+00
2.317471055030828175e+00
2.317471055017582326e+00
2.317471055021567583e+00
2.317471055007961578e+00
2.317471055009442171e+00
2.317471054876511616e+00
2.317471069727473409e+00
2.447689406236336129e+00
2.447689406212035124e+00
2.447689406252462341e+00
2.447689406236048359e+00
2.447689406238890530e+00
2.447689406238043208e+00
2.447689406238604093e+00
2.447689406227790965e+00
2.447689406226480013e+00
2.447689406218115149e+00
2.447689422468797726e+00
2.446409555121355162e+00
2.455447610468980635e+00
2.455447610446146456e+00
2.455447610485014032e+00
2.455447610467135888e+00
2.455447610469538411e+00
2.455447610471114039e+00
2.455447610471331199e+00
2.455447610461240160e+00
2.455447610493573851e+00
2.455447610495189004e+00
2.455447626646581227e+00
2.457623242877600589e+00
2.457623242854516832e+00
2.457623242893657967e+00
2.457623242876212366e+00
2.457623242878602454e+00
2.457623242879666936e+00
2.457623242879923176e+00
2.457623242869619418e+00
2.457623242902028160e+00
2.457623242889709125e+00
2.457623259078761002e+00
2.427533473049118928e+00
2.458776888909549818e+00
2.458776888886331946e+00
2.458776888925621407e+00
2.458776888908420055e+00
2.458776888910803926e+00
2.458776888911581970e+00
2.458776888911858194e+00
2.458776888901434532e+00
2.458776888933883242e+00
2.458776888913751346e+00
2.458776905123390755e+00
2.349100359471151034e+00
2.453103194442483925e+00
2.459132571559608404e+00
2.459132571536348344e+00
2.459132571575683546e+00
2.459132571558561242e+00
2.459132571560943781e+00
2.459132571561629010e+00
2.459132571561911895e+00
2.459132571551450486e+00
2.459132571583911631e+00
2.459132571561301273e+00
2.459132587777386192e+00
2.349309109536718676e+00
2.451738010355689390e+00
2.459410455087612579e+00
2.459410455064321432e+00
2.459410455103693049e+00
2.459410455086629366e+00
2.459410455089010572e+00
2.459410455089625636e+00
2.459410455089912073e+00
2.459410455079420466e+00
2.459410455111892269e+00
2.459410455087326142e+00
2.459410471308477675e+00
2.346769792637679597e+00
2.450419027902182023e+00
2.459473821182604159e+00
2.459473821159284590e+00
2.459473821198688182e+00
2.459473821181678677e+00
2.459473821184063880e+00
2.459473821184608777e+00
2.459473821184901432e+00
2.459473821174383623e+00
2.459473821173209895e+00
2.459473821180621300e+00
2.459473837406153329e+00
2.459461643030423250e+00
2.459556586607069661e+00
2.459556586583760307e+00
2.459556586623150576e+00
2.459556586606121087e+00
2.459556586608500517e+00
2.459556586609077389e+00
2.459556586609367823e+00
2.459556586598861116e+00
2.459556586631338249e+00
2.459556586605757822e+00
2.459556602829516603e+00
2.459579195122604922e+00
2.459579195099293791e+00
2.459579195138686281e+00
2.459579195121660344e+00
2.459579195124040218e+00
2.459579195124612205e+00
2.459579195124902640e+00
2.459579195114394157e+00
2.459579195146870401e+00
2.459579195121174955e+00
2.459579211345217509e+00
2.459465283905090338e+00
2.459607295801138793e+00
2.459607295777825886e+00
2.459607295817221484e+00
2.459607295800199545e+00
2.459607295802578086e+00
2.459607295803145632e+00
2.459607295803436955e+00
2.459607295792925363e+00
2.459607295825402939e+00
2.459607295799563609e+00
2.459607312023962322e+00
2.457988886917739535e+00
2.459501903412065538e+00
2.459622184680142265e+00
2.459622184656828026e+00
2.459622184696225844e+00
2.459622184679204793e+00
2.459622184681584667e+00
2.459622184682148216e+00
2.459622184682438650e+00
2.459622184671927059e+00
2.459622184704405523e+00
2.459622184678487589e+00
2.459622200903075928e+00
2.450840682287317662e+00
2.458626933226055744e+00
2.459545433154222138e+00
2.459630139107041202e+00
2.459630139083727407e+00
2.459630139123124337e+00
2.459630139106105062e+00
2.459630139108483604e+00
2.459630139109046709e+00
2.459630139109338032e+00
2.459630139098825108e+00
2.459630139131301352e+00
2.459630139105345670e+00
2.459630155330034817e+00
2.412128099409788895e+00
2.454664475235818433e+00
2.459049716852383938e+00
2.459578800164083923e+00
2.459634227110292670e+00
2.459634227086977987e+00
2.459634227126376249e+00
2.459634227109357418e+00
2.459634227111740401e+00
2.459634227112298621e+00
2.459634227112592164e+00
2.459634227102076576e+00
2.459634227134556372e+00
2.459634227108576709e+00
2.459634243333318704e+00
2.127084693312552233e+00
2.436878073101677256e+00
2.457074081510446817e+00
2.459329133171034965e+00
2.459603607492629074e+00
2.459636117307935965e+00
2.459636117284620838e+00
2.459636117324021320e+00
2.459636117307002046e+00
2.459636117309380143e+00
2.459636117309941028e+00
2.459636117310235015e+00
2.459636117299719871e+00
2.459636117332196115e+00
2.459636117306211123e+00
2.459636133530975322e+00
2.445453618537196228e+00
2.457988126747236546e+00
2.459435233577385471e+00
2.459612222632271639e+00
2.459633980391349173e+00
2.459636285641759290e+00
