X1,X2,X3,X4,Y1,Y2,Y3,Y4,WD,WS,AEP
2.890189927595453234e+00
2.890189927607848208e+00
2.890189927593460606e+00
2.890189927591412467e+00
2.890189927598408648e+00
2.890189927620450128e+00
2.890189927574349227e+00
2.890189927617779375e+00
2.890189927583554752e+00
2.890189925920113367e+00
2.890189926628119910e+00
1.964951005423341224e+00
1.964951005453534405e+00
1.964951005420070507e+00
1.964951005419462771e+00
1.964951005424168340e+00
1.964951005451383681e+00
1.964951005413319907e+00
1.964951005431820441e+00
1.964951005416463614e+00
1.964951005713025056e+00
1.964951019643303987e+00
1.964959760514881193e+00
1.964959760545073930e+00
1.964959760511610032e+00
1.964959760511002518e+00
1.964959760515709419e+00
1.964959760542922318e+00
1.964959760504859432e+00
1.964959760523359300e+00
1.964959760508004694e+00
1.964959760804564803e+00
1.964959774734848175e+00
1.965003531471325449e+00
1.965003531501513301e+00
1.965003531468054288e+00
1.965003531467446107e+00
1.965003531472151899e+00
1.965003531499362577e+00
1.965003531461303687e+00
1.965003531479804222e+00
1.965003531464448727e+00
1.965003531761006839e+00
1.965003545691293096e+00
1.965222279315727238e+00
1.965222279345894218e+00
1.965222279312456521e+00
1.965222279311847231e+00
1.965222279316554133e+00
1.965222279343744383e+00
1.965222279305706365e+00
1.965222279324205790e+00
1.965222279308848297e+00
1.965222279605392863e+00
1.965222293535713760e+00
1.966313389856719773e+00
1.966313389886787721e+00
1.966313389853450389e+00
1.966313389852832216e+00
1.966313389857545779e+00
1.966313389884638774e+00
1.966313389846702009e+00
1.966313389865200545e+00
1.966313389849842164e+00
1.966313390146302797e+00
1.966313404076792670e+00
1.971704274151564906e+00
1.971704274181131922e+00
1.971704274148300184e+00
1.971704274147642710e+00
1.971704274152386915e+00
1.971704274178994298e+00
1.971704274141562463e+00
1.971704274160059445e+00
1.971704274144696178e+00
1.971704274440745142e+00
1.971704288372008840e+00
1.997104158686322739e+00
1.997104158713516764e+00
1.997104158683081332e+00
1.997104158682228237e+00
1.997104158687117437e+00
1.997104158711419108e+00
1.997104158676394903e+00
1.997104158694879006e+00
1.997104158679488872e+00
1.997104158973411536e+00
1.997104172907318453e+00
2.102722875939851743e+00
2.102722875959257554e+00
2.102722875936713809e+00
2.102722875934966318e+00
2.102722875940529867e+00
2.102722875968121130e+00
2.102722875930259860e+00
2.102722875948691339e+00
2.102722875933180635e+00
2.102722876221816861e+00
2.102722890124011812e+00
2.578833820541342803e+00
2.578833820567032475e+00
2.578833820538484645e+00
2.578833820533091625e+00
2.578833820540942234e+00
2.578833820550411104e+00
2.578833820548915412e+00
2.578833820551292622e+00
2.578833820534720545e+00
2.578833820919730790e+00
2.578833838862382155e+00
2.749281478840140736e+00
2.749281478865771344e+00
2.749281478836872683e+00
2.749281478824944891e+00
2.749281478842619642e+00
2.749281478841703930e+00
2.749281478849359139e+00
2.749281478823683678e+00
2.749281478833376813e+00
2.749281479270729189e+00
2.749281499513403837e+00
2.749330787336439208e+00
2.749330787362070705e+00
2.749330787333171155e+00
2.749330787321243363e+00
2.749330787338918114e+00
2.749330787338004622e+00
2.749330787345658500e+00
2.749330787319982150e+00
2.749330787329675729e+00
2.749330787767019224e+00
2.749330808009676552e+00
2.749577488286038651e+00
2.749577488311683915e+00
2.749577488282770155e+00
2.749577488270841918e+00
2.749577488288521110e+00
2.749577488287620497e+00
2.749577488295260608e+00
2.749577488269578485e+00
2.749577488279273840e+00
2.749577488716578699e+00
2.749577508959160532e+00
2.750815626861144558e+00
2.750815626886850218e+00
2.750815626857872509e+00
2.750815626845950046e+00
2.750815626863653662e+00
2.750815626862812557e+00
2.750815626870378949e+00
2.750815626844670625e+00
2.750815626854378415e+00
2.750815627291488763e+00
2.750815647533682906e+00
2.757121251613567914e+00
2.757121251639578219e+00
2.757121251610281210e+00
2.757121251598380507e+00
2.757121251616199586e+00
2.757121251615664903e+00
2.757121251622868030e+00
2.757121251597021150e+00
2.757121251606791557e+00
2.757121252042969317e+00
2.757121272283055369e+00
2.791581353463073345e+00
2.791581353490579342e+00
2.791581353459708481e+00
2.791581353447927683e+00
2.791581353466346282e+00
2.791581353467331272e+00
2.791581353472711413e+00
2.791581353446164648e+00
2.791581353456258352e+00
2.791581353888991313e+00
2.791581374113847325e+00
2.757111371539260780e+00
2.818775152269002326e+00
2.818775152239781256e+00
2.818775152265454054e+00
2.818775152242379178e+00
2.818775152273765183e+00
2.818775152276881357e+00
2.818775152279474838e+00
2.818775152251260963e+00
2.818775152262096295e+00
2.818775152695446540e+00
2.818775172910940263e+00
2.838613522241081100e+00
2.838613522211678397e+00
2.838613522237599884e+00
2.838613522225998054e+00
2.838613522245302612e+00
2.838613522248228271e+00
2.838613522251243637e+00
2.838613522223631946e+00
2.838613522234207043e+00
2.838613522666222799e+00
2.838613542862689076e+00
2.675054946988995042e+00
2.809237094271978208e+00
2.840510163938847477e+00
2.840510163968087642e+00
2.840510163935384025e+00
2.840510163923754217e+00
2.840510163942922883e+00
2.840510163945733968e+00
2.840510163948926969e+00
2.840510163921481812e+00
2.840510163931982746e+00
2.840510164363604595e+00
2.840510184557713647e+00
2.840673929682629328e+00
2.842386719907125769e+00
2.842386719877695089e+00
2.842386719903656545e+00
2.842386719892035618e+00
2.842386719911249582e+00
2.842386719914146820e+00
2.842386719917231908e+00
2.842386719889732571e+00
2.842386719900258818e+00
2.842386720331964156e+00
2.842386740524803557e+00
2.842458585172634056e+00
2.842458585201939947e+00
2.842458585169167051e+00
2.842458585157542572e+00
2.842458585176737440e+00
2.842458585179619135e+00
2.842458585182730424e+00
2.842458585155250184e+00
2.842458585165766660e+00
2.842458585597422704e+00
2.842458605790108006e+00
2.842639019992676985e+00
2.842639019963242308e+00
2.842639019989208649e+00
2.842639019977586834e+00
2.842639019996793692e+00
2.842639019999687378e+00
2.842639020002779571e+00
2.842639019975288228e+00
2.842639019985810034e+00
2.842639020417489615e+00
2.842639040610087875e+00
2.842797046220806312e+00
2.842797046191371191e+00
2.842797046217338419e+00
2.842797046205715716e+00
2.842797046224918578e+00
2.842797046227808710e+00
2.842797046230906677e+00
2.842797046203419331e+00
2.842797046213939360e+00
2.842797046645608283e+00
2.842797066838048003e+00
2.841596824984112146e+00
2.842654784172495397e+00
2.842838218129677408e+00
2.842838218100246728e+00
2.842838218126209515e+00
2.842838218114585924e+00
2.842838218133791006e+00
2.842838218136681139e+00
2.842838218139776885e+00
2.842838218112290871e+00
2.842838218122810456e+00
2.842838218554481600e+00
2.842838238746880464e+00
2.836283597136404211e+00
2.841607373002677406e+00
2.842614596913771052e+00
2.842803408522746267e+00
2.842838584919574529e+00
2.842841344907244938e+00
2.842841344877813814e+00
2.842841344903776601e+00
2.842841344892153899e+00
2.842841344911355872e+00
2.842841344914250001e+00
2.842841344917343527e+00
2.842841344889857957e+00
2.842841344900377987e+00
2.842841345332045577e+00
2.842841365524443553e+00
2.810895795004063391e+00
2.836570288711668386e+00
2.841658764048499375e+00
2.842620983442155858e+00
2.842801365186282680e+00
2.842835120972056373e+00
2.842841407858727631e+00
2.842841902053585112e+00
